Time,PPG,IBI,GSR,GSR_Event
8738533,305.68,783,781,0
8738543,307.66,783,781,0
8738553,313.16,783,782,0
8738563,321.09,783,782,0
8738573,330.10,783,782,0
8738583,339.29,783,781,0
8738593,347.77,783,782,0
8738604,357.48,783,781,0
8738614,365.91,783,782,0
8738624,371.72,783,781,0
8738634,374.46,783,782,0
8738644,374.07,783,781,0
8738654,370.70,783,782,0
8738664,364.71,783,781,0
8738674,356.78,783,781,0
8738684,347.42,783,781,0
8738694,337.48,783,781,0
8738704,327.39,783,781,0
8738714,317.80,783,782,0
8738724,308.99,783,781,0
8738734,301.11,783,781,0
8738744,294.39,783,781,0
8738754,289.17,783,782,0
8738764,285.22,783,781,0
8738775,282.67,783,782,0
8738785,281.35,783,781,0
8738795,281.20,783,782,0
8738805,281.96,783,781,0
8738816,283.43,783,782,0
8738825,285.23,783,781,0
8738835,287.39,783,782,0
8738845,289.50,783,781,0
8738855,291.41,783,782,0
8738865,292.74,783,781,0
8738875,293.85,783,782,0
8738885,294.49,783,781,0
8738895,295.16,783,782,0
8738905,296.05,783,781,0
8738915,298.31,783,782,0
8738925,303.40,783,781,0
8738935,313.57,783,782,0
8738945,330.45,783,781,0
8738955,356.63,783,782,0
8738965,393.60,783,780,0
8738975,438.98,783,783,0
8738985,489.13,783,781,0
8738995,540.69,783,782,0
8739014,590.37,773,782,0
8739017,635.47,773,784,0
8739026,672.92,773,782,0
8739036,700.37,773,784,0
8739046,719.63,773,781,0
8739056,733.16,773,784,0
8739066,742.67,773,781,0
8739076,749.37,773,783,0
8739086,754.06,773,781,0
8739096,757.34,773,783,0
8739106,759.64,773,781,0
8739116,761.25,773,783,0
8739126,762.37,773,781,0
8739136,763.16,773,783,0
8739146,761.66,773,781,0
8739156,754.82,773,783,0
8739166,740.47,773,781,0
8739176,717.44,773,783,0
8739186,685.13,773,781,0
8739196,643.99,773,783,0
8739206,594.66,773,781,0
8739216,540.51,773,784,0
8739226,485.80,773,781,0
8739236,434.43,773,783,0
8739246,388.96,773,781,0
8739256,351.51,773,783,0
8739266,322.65,773,782,0
8739276,303.12,773,783,0
8739287,291.99,773,781,0
8739297,288.90,773,783,0
8739307,292.02,773,782,0
8739317,300.16,773,783,0
8739328,311.38,773,781,0
8739337,324.55,773,783,0
8739347,337.67,773,782,0
8739357,350.07,773,784,0
8739367,360.16,773,781,0
8739377,368.09,773,783,0
8739387,373.07,773,782,0
8739397,375.50,773,783,0
8739407,375.00,773,781,0
8739417,372.26,773,783,0
8739427,367.34,773,781,0
8739437,361.32,773,783,0
8739447,353.94,773,781,0
8739457,346.07,773,784,0
8739467,337.65,773,781,0
8739477,329.57,773,784,0
8739487,321.73,773,781,0
8739497,314.82,773,784,0
8739507,308.32,773,781,0
8739517,303.04,773,783,0
8739527,298.57,773,780,0
8739537,295.48,773,783,0
8739547,293.07,773,781,0
8739557,291.55,773,783,0
8739567,290.31,773,781,0
8739577,290.00,773,783,0
8739587,289.75,773,781,0
8739597,289.78,773,783,0
8739607,289.37,773,781,0
8739617,288.92,773,783,0
8739628,287.87,773,782,0
8739638,286.80,773,783,0
8739648,285.27,773,782,0
8739658,284.63,773,784,0
8739668,285.56,773,781,0
8739678,290.15,773,784,0
8739688,300.13,773,781,0
8739698,318.56,773,783,0
8739708,346.98,773,781,0
8739718,386.84,773,783,0
8739728,434.76,773,781,0
8739738,487.29,773,784,0
8739748,540.77,773,781,0
8739758,592.10,773,784,0
8739777,637.67,763,783,0
8739780,674.93,763,784,0
8739789,701.95,763,782,0
8739799,720.86,763,783,0
8739809,734.10,763,782,0
8739819,743.37,763,783,0
8739829,749.86,763,782,0
8739840,754.40,763,783,0
8739849,757.58,763,782,0
8739859,759.81,763,783,0
8739869,761.37,763,782,0
8739879,762.46,763,783,0
8739889,763.22,763,782,0
8739899,759.81,763,783,0
8739909,749.15,763,782,0
8739919,729.95,763,783,0
8739929,701.46,763,781,0
8739939,664.08,763,783,0
8739949,617.99,763,782,0
8739959,564.55,763,783,0
8739969,508.63,763,781,0
8739979,455.25,763,783,0
8739989,406.96,763,782,0
8739999,366.35,763,783,0
8740009,334.14,763,782,0
8740019,311.51,763,783,0
8740029,297.69,763,782,0
8740039,292.64,763,784,0
8740049,294.55,763,781,0
8740059,302.48,763,783,0
8740069,314.21,763,781,0
8740079,328.55,763,783,0
8740089,343.38,763,781,0
8740099,357.93,763,783,0
8740109,370.25,763,781,0
8740119,380.07,763,783,0
8740129,386.35,763,781,0
8740140,389.42,763,783,0
8740150,388.73,763,782,0
8740160,385.34,763,783,0
8740170,378.98,763,781,0
8740180,371.06,763,783,0
8740190,361.53,763,782,0
8740200,351.60,763,783,0
8740210,341.35,763,781,0
8740220,331.64,763,783,0
8740230,322.41,763,782,0
8740240,314.44,763,783,0
8740250,307.28,763,781,0
8740260,301.50,763,783,0
8740270,296.72,763,781,0
8740280,293.37,763,783,0
8740290,291.16,763,781,0
8740300,290.17,763,783,0
8740311,289.95,763,782,0
8740321,290.74,763,783,0
8740331,292.06,763,782,0
8740341,294.48,763,783,0
8740352,298.20,763,782,0
8740361,304.65,763,783,0
8740371,315.34,763,782,0
8740381,332.55,763,782,0
8740391,358.40,763,782,0
8740401,394.71,763,783,0
8740411,439.28,763,782,0
8740421,488.78,763,783,0
8740431,539.89,763,782,0
8740441,589.51,763,783,0
8740451,634.53,763,782,0
8740470,672.04,693,781,0
8740473,699.97,693,785,0
8740482,719.52,693,783,0
8740492,733.21,693,782,0
8740502,742.79,693,783,0
8740512,749.50,693,782,0
8740523,754.23,693,783,0
8740532,757.55,693,783,0
8740542,759.83,693,783,0
8740552,761.42,693,783,0
8740562,762.54,693,783,0
8740572,763.32,693,782,0
8740582,761.30,693,782,0
8740592,752.76,693,783,0
8740602,735.56,693,783,0
8740612,708.95,693,783,0
8740622,672.67,693,783,0
8740632,626.99,693,782,0
8740642,572.95,693,782,0
8740652,514.42,693,783,0
8740662,456.65,693,783,0
8740672,403.40,693,783,0
8740682,357.04,693,783,0
8740692,319.53,693,783,0
8740702,291.73,693,783,0
8740712,273.77,693,782,0
8740722,265.14,693,783,0
8740732,264.88,693,783,0
8740742,271.60,693,783,0
8740752,283.59,693,782,0
8740762,298.93,693,783,0
8740772,316.09,693,783,0
8740782,333.42,693,782,0
8740792,349.54,693,782,0
8740802,363.26,693,783,0
8740812,373.98,693,783,0
8740823,381.27,693,783,0
8740833,385.01,693,783,0
8740843,385.22,693,782,0
8740853,382.37,693,783,0
8740864,376.94,693,782,0
8740873,369.63,693,782,0
8740883,360.87,693,782,0
8740893,351.40,693,783,0
8740903,341.55,693,781,0
8740913,332.04,693,783,0
8740923,322.81,693,783,0
8740933,314.30,693,784,0
8740943,306.54,693,781,0
8740953,299.90,693,783,0
8740963,294.10,693,782,0
8740973,289.36,693,784,0
8740983,285.48,693,782,0
8740993,282.81,693,782,0
8741003,281.97,693,783,0
8741013,283.99,693,783,0
8741023,290.25,693,782,0
8741033,303.03,693,783,0
8741043,324.15,693,782,0
8741053,355.69,693,783,0
8741063,398.56,693,782,0
8741073,448.36,693,784,0
8741083,501.57,693,782,0
8741093,554.84,693,783,0
8741103,604.82,693,782,0
8741123,648.67,652,781,0
8741126,683.57,652,782,0
8741135,708.04,652,783,0
8741145,725.17,652,781,0
8741155,737.16,652,783,0
8741165,745.56,652,782,0
8741175,751.43,652,783,0
8741185,755.55,652,780,0
8741195,758.43,652,784,0
8741206,760.40,652,781,0
8741215,761.78,652,784,0
8741225,762.74,652,780,0
8741235,763.46,652,783,0
8741245,760.45,652,781,0
8741255,751.02,652,784,0
8741265,732.67,652,781,0
8741275,704.48,652,783,0
8741285,666.20,652,781,0
8741295,618.91,652,784,0
8741305,563.44,652,782,0
8741315,504.72,652,783,0
8741325,447.20,652,781,0
8741335,395.29,652,783,0
8741345,351.49,652,781,0
8741355,317.95,652,783,0
8741365,294.65,652,780,0
8741376,282.20,652,783,0
8741385,279.40,652,782,0
8741395,285.24,652,783,0
8741405,297.59,652,781,0
8741415,314.73,652,783,0
8741425,333.97,652,782,0
8741435,353.78,652,783,0
8741445,371.76,652,781,0
8741455,387.22,652,783,0
8741465,398.64,652,782,0
8741475,405.82,652,783,0
8741485,408.14,652,781,0
8741495,406.30,652,783,0
8741505,400.38,652,782,0
8741515,391.44,652,783,0
8741525,379.65,652,781,0
8741535,366.17,652,784,0
8741545,351.42,652,780,0
8741555,336.81,652,783,0
8741565,322.25,652,781,0
8741575,308.63,652,784,0
8741585,295.76,652,782,0
8741595,284.47,652,784,0
8741605,274.43,652,780,0
8741615,266.07,652,784,0
8741625,259.11,652,781,0
8741635,254.75,652,783,0
8741645,253.71,652,781,0
8741655,257.95,652,783,0
8741665,268.94,652,781,0
8741676,289.01,652,783,0
8741686,319.78,652,780,0
8741696,362.70,652,784,0
8741706,414.22,652,780,0
8741716,470.30,652,784,0
8741726,527.08,652,781,0
8741736,581.23,652,784,0
8741746,629.46,652,781,0
8741756,669.09,652,784,0
8741775,697.87,653,783,0
8741778,718.05,653,784,0
8741787,732.22,653,780,0
8741797,742.18,653,784,0
8741807,749.20,653,780,0
8741817,754.15,653,784,0
8741827,757.62,653,781,0
8741837,760.09,653,783,0
8741847,761.78,653,781,0
8741866,762.92,0,780,0
8741869,761.40,0,782,0
8741878,754.72,0,783,0
8741889,740.06,0,781,0
8741899,716.43,0,783,0
8741909,683.26,0,781,0
8741919,641.18,0,783,0
8741929,590.77,0,782,0
8741939,536.07,0,784,0
8741949,480.85,0,781,0
8741959,429.76,0,783,0
8741969,385.05,0,782,0
8741979,348.82,0,783,0
8741989,321.57,0,780,0
8741999,303.83,0,783,0
8742009,294.32,0,781,0
8742019,292.38,0,783,0
8742029,296.25,0,780,0
8742039,305.05,0,783,0
8742049,316.56,0,782,0
8742060,329.77,0,783,0
8742070,342.78,0,782,0
8742080,354.89,0,783,0
8742090,364.82,0,782,0
8742100,372.33,0,783,0
8742110,376.56,0,782,0
8742120,378.06,0,783,0
8742130,376.24,0,782,0
8742140,372.06,0,783,0
8742150,365.48,0,782,0
8742160,357.54,0,783,0
8742170,348.33,0,782,0
8742180,338.72,0,782,0
8742190,328.77,0,782,0
8742200,319.37,0,783,0
8742210,310.43,0,782,0
8742220,302.59,0,782,0
8742231,295.98,0,782,0
8742241,291.62,0,782,0
8742251,290.45,0,783,0
8742261,294.25,0,782,0
8742272,304.98,0,783,0
8742281,324.18,0,782,0
8742291,353.87,0,782,0
8742301,395.35,0,782,0
8742311,444.36,0,783,0
8742321,497.22,0,783,0
8742331,550.47,0,783,0
8742341,600.60,0,782,0
8742361,645.16,494,781,0
8742364,681.16,494,782,0
8742373,706.48,494,783,0
8742383,724.21,494,782,0
8742393,736.66,494,783,0
8742403,745.38,494,782,0
8742413,751.52,494,783,0
8742423,755.78,494,782,0
8742433,758.76,494,783,0
8742444,760.85,494,782,0
8742454,762.35,494,783,0
8742464,763.36,494,781,0
8742474,764.07,494,783,0
8742484,761.99,494,781,0
8742494,754.36,494,783,0
8742504,738.44,494,781,0
8742514,713.02,494,783,0
8742524,677.70,494,781,0
8742534,633.43,494,783,0
8742544,580.72,494,781,0
8742554,523.72,494,783,0
8742564,466.42,494,781,0
8742574,413.41,494,783,0
8742584,367.21,494,782,0
8742594,329.86,494,783,0
8742604,301.53,494,782,0
8742615,282.94,494,783,0
8742625,272.80,494,781,0
8742635,270.81,494,783,0
8742645,274.98,494,781,0
8742656,284.33,494,783,0
8742665,296.57,494,781,0
8742675,310.59,494,783,0
8742685,324.42,494,781,0
8742695,337.45,494,783,0
8742705,348.16,494,781,0
8742715,356.34,494,783,0
8742725,361.04,494,781,0
8742735,362.83,494,783,0
8742745,361.38,494,781,0
8742755,357.49,494,783,0
8742765,351.09,494,781,0
8742775,343.43,494,783,0
8742785,334.65,494,781,0
8742795,325.80,494,783,0
8742805,316.81,494,781,0
8742815,308.64,494,783,0
8742825,300.95,494,781,0
8742835,294.62,494,783,0
8742845,289.29,494,781,0
8742855,286.08,494,783,0
8742865,285.15,494,781,0
8742875,288.11,494,783,0
8742885,295.83,494,781,0
8742895,310.88,494,783,0
8742905,334.70,494,781,0
8742915,368.48,494,783,0
8742925,412.22,494,782,0
8742935,462.17,494,783,0
8742945,514.62,494,781,0
8742956,566.59,494,783,0
8742966,614.58,494,781,0
8742985,655.98,625,780,0
8742988,688.86,625,782,0
8742998,711.91,625,783,0
8743007,728.05,625,781,0
8743017,739.40,625,783,0
8743027,747.33,625,781,0
8743037,752.93,625,783,0
8743047,756.85,625,781,0
8743057,759.60,625,783,0
8743067,758.13,625,781,0
8743077,750.72,625,783,0
8743087,735.76,625,781,0
8743097,712.78,625,783,0
8743107,681.04,625,781,0
8743117,640.92,625,783,0
8743127,592.73,625,781,0
8743137,540.69,625,783,0
8743147,487.34,625,781,0
8743157,435.81,625,783,0
8743168,387.53,625,782,0
8743177,344.90,625,783,0
8743187,308.50,625,781,0
8743197,279.51,625,783,0
8743207,257.84,625,781,0
8743217,243.96,625,783,0
8743227,236.86,625,781,0
8743237,236.69,625,783,0
8743247,241.71,625,781,0
8743257,251.40,625,783,0
8743267,263.71,625,781,0
8743277,277.94,625,783,0
8743287,292.31,625,782,0
8743297,306.45,625,783,0
8743307,318.48,625,781,0
8743317,328.37,625,783,0
8743327,334.99,625,781,0
8743337,338.85,625,783,0
8743347,339.45,625,781,0
8743357,337.60,625,783,0
8743367,332.96,625,781,0
8743377,326.67,625,783,0
8743387,318.80,625,781,0
8743397,310.46,625,783,0
8743407,301.45,625,781,0
8743417,292.70,625,783,0
8743427,283.92,625,781,0
8743437,276.14,625,783,0
8743447,268.81,625,781,0
8743457,262.70,625,783,0
8743468,257.22,625,781,0
8743478,253.25,625,783,0
8743488,250.48,625,782,0
8743498,250.21,625,783,0
8743508,252.59,625,782,0
8743518,259.44,625,783,0
8743528,271.31,625,782,0
8743538,290.24,625,783,0
8743548,316.91,625,782,0
8743558,352.04,625,783,0
8743568,394.63,625,782,0
8743578,443.73,625,783,0
8743588,495.58,625,782,0
8743598,547.13,625,783,0
8743617,595.18,632,782,0
8743620,637.55,632,784,0
8743629,672.40,632,782,0
8743639,698.00,632,783,0
8743649,712.23,632,782,0
8743659,716.23,632,783,0
8743669,710.42,632,782,0
8743680,695.85,632,783,0
8743689,673.01,632,782,0
8743699,643.18,632,783,0
8743709,607.90,632,782,0
8743719,570.04,632,783,0
8743729,530.86,632,782,0
8743739,492.46,632,783,0
8743749,455.25,632,782,0
8743759,420.29,632,783,0
8743769,387.63,632,781,0
8743779,358.00,632,783,0
8743789,331.17,632,782,0
8743799,307.80,632,783,0
8743809,287.68,632,781,0
8743819,271.62,632,783,0
8743829,259.17,632,782,0
8743839,250.68,632,783,0
8743849,245.72,632,781,0
8743859,244.35,632,783,0
8743869,245.66,632,782,0
8743879,249.57,632,783,0
8743889,254.93,632,781,0
8743899,261.68,632,783,0
8743909,268.63,632,782,0
8743919,275.56,632,783,0
8743929,281.39,632,782,0
8743939,286.46,632,783,0
8743949,289.84,632,782,0
8743959,291.73,632,783,0
8743969,291.60,632,782,0
8743980,290.00,632,783,0
8743990,286.74,632,782,0
8744000,282.58,632,782,0
8744010,277.22,632,782,0
8744020,271.41,632,782,0
8744030,265.24,632,782,0
8744040,259.30,632,782,0
8744050,253.51,632,782,0
8744060,248.39,632,782,0
8744070,243.77,632,782,0
8744080,239.94,632,782,0
8744090,236.57,632,782,0
8744100,233.87,632,782,0
8744110,231.60,632,782,0
8744120,230.13,632,782,0
8744130,229.32,632,782,0
8744140,229.78,632,782,0
8744151,231.82,632,782,0
8744161,236.54,632,782,0
8744171,244.65,632,782,0
8744181,257.14,632,782,0
8744192,274.46,632,783,0
8744201,296.95,632,782,0
8744211,324.22,632,782,0
8744221,355.57,632,782,0
8744231,389.51,632,783,0
8744250,424.20,633,781,0
8744253,457.48,633,782,0
8744262,487.51,633,782,0
8744272,512.56,633,783,0
8744282,531.20,633,782,0
8744292,542.80,633,783,0
8744302,546.97,633,782,0
8744312,544.24,633,783,0
8744322,535.42,633,782,0
8744332,521.50,633,783,0
8744342,503.82,633,782,0
8744352,483.73,633,783,0
8744363,462.17,633,781,0
8744372,440.39,633,783,0
8744382,418.89,633,782,0
8744392,398.22,633,783,0
8744402,378.65,633,782,0
8744412,360.46,633,783,0
8744422,343.69,633,782,0
8744432,328.70,633,783,0
8744442,315.12,633,782,0
8744452,303.43,633,783,0
8744462,293.65,633,782,0
8744472,286.09,633,783,0
8744482,280.49,633,782,0
8744492,277.04,633,783,0
8744502,275.23,633,781,0
8744512,275.25,633,783,0
8744522,276.46,633,782,0
8744532,278.68,633,783,0
8744542,281.35,633,781,0
8744552,284.33,633,783,0
8744562,287.02,633,782,0
8744572,289.41,633,783,0
8744582,291.04,633,782,0
8744592,291.97,633,783,0
8744602,291.85,633,782,0
8744612,291.00,633,783,0
8744622,289.28,633,781,0
8744632,286.97,633,783,0
8744642,284.02,633,782,0
8744652,280.89,633,783,0
8744663,277.28,633,781,0
8744673,273.89,633,783,0
8744683,270.24,633,782,0
8744693,266.83,633,783,0
8744704,263.32,633,781,0
8744713,260.22,633,783,0
8744723,257.16,633,782,0
8744733,254.75,633,783,0
8744743,252.43,633,781,0
8744753,250.84,633,783,0
8744763,249.47,633,781,0
8744773,249.03,633,783,0
8744783,249.19,633,781,0
8744793,250.76,633,783,0
8744803,253.66,633,781,0
8744813,258.86,633,783,0
8744823,266.41,633,781,0
8744833,276.87,633,783,0
8744843,290.07,633,781,0
8744853,306.42,633,783,0
8744863,325.02,633,781,0
8744873,345.59,633,783,0
8744892,366.50,642,782,0
8744895,387.05,642,783,0
8744904,406.10,642,781,0
8744914,422.96,642,783,0
8744924,436.17,642,781,0
8744934,445.85,642,783,0
8744944,451.21,642,781,0
8744954,452.99,642,783,0
8744964,450.85,642,781,0
8744974,445.71,642,783,0
8744984,437.61,642,781,0
8744994,427.74,642,783,0
8745004,416.25,642,781,0
8745014,404.13,642,783,0
8745024,391.28,642,781,0
8745034,378.77,642,783,0
8745044,366.32,642,781,0
8745054,354.95,642,783,0
8745064,344.12,642,781,0
8745074,334.40,642,783,0
8745084,325.50,642,781,0
8745094,318.40,642,783,0
8745104,312.54,642,781,0
8745114,308.39,642,783,0
8745124,305.23,642,781,0
8745134,303.88,642,783,0
8745144,303.48,642,781,0
8745154,304.50,642,783,0
8745164,305.80,642,781,0
8745175,307.83,642,783,0
8745185,309.73,642,781,0
8745195,311.95,642,783,0
8745205,313.55,642,781,0
8745216,315.10,642,783,0
8745225,315.97,642,781,0
8745235,316.71,642,783,0
8745245,316.62,642,781,0
8745255,316.44,642,783,0
8745265,315.53,642,781,0
8745275,314.73,642,783,0
8745285,313.31,642,781,0
8745295,312.15,642,783,0
8745305,310.65,642,781,0
8745315,309.55,642,783,0
8745325,308.19,642,781,0
8745335,307.27,642,783,0
8745345,306.03,642,781,0
8745355,305.34,642,783,0
8745365,304.21,642,781,0
8745375,303.46,642,783,0
8745385,302.42,642,781,0
8745395,301.91,642,783,0
8745405,301.29,642,781,0
8745415,301.46,642,783,0
8745425,301.97,642,781,0
8745435,303.78,642,783,0
8745445,306.46,642,781,0
8745455,311.16,642,783,0
8745465,317.41,642,781,0
8745475,325.99,642,783,0
8745485,336.15,642,781,0
8745495,348.41,642,783,0
8745515,361.66,622,782,0
8745518,376.12,622,783,0
8745527,390.40,622,781,0
8745537,404.33,622,783,0
8745547,416.58,622,781,0
8745558,427.33,622,783,0
8745567,435.59,622,782,0
8745577,441.80,622,783,0
8745587,445.12,622,782,0
8745597,446.24,622,783,0
8745607,444.97,622,782,0
8745617,442.41,622,783,0
8745627,438.13,622,781,0
8745637,432.95,622,783,0
8745647,426.58,622,781,0
8745657,419.93,622,783,0
8745667,412.62,622,782,0
8745677,405.37,622,783,0
8745687,397.76,622,782,0
8745697,390.59,622,783,0
8745707,383.47,622,781,0
8745717,377.24,622,783,0
8745728,371.43,622,782,0
8745737,366.71,622,783,0
8745747,362.64,622,782,0
8745757,359.75,622,783,0
8745767,357.51,622,782,0
8745777,356.41,622,783,0
8745787,355.60,622,781,0
8745797,355.55,622,783,0
8745807,355.51,622,782,0
8745817,356.00,622,783,0
8745827,356.09,622,782,0
8745837,356.32,622,783,0
8745847,355.97,622,782,0
8745857,355.80,622,783,0
8745867,355.22,622,781,0
8745877,354.64,622,783,0
8745887,353.51,622,782,0
8745897,352.54,622,783,0
8745907,351.13,622,781,0
8745917,349.94,622,783,0
8745927,348.24,622,782,0
8745937,346.67,622,783,0
8745947,344.80,622,781,0
8745957,343.19,622,783,0
8745967,341.46,622,781,0
8745977,340.25,622,783,0
8745987,338.97,622,781,0
8745997,338.25,622,783,0
8746007,337.53,622,781,0
8746017,337.29,622,783,0
8746028,336.90,622,782,0
8746038,336.76,622,783,0
8746048,336.32,622,782,0
8746058,336.18,622,783,0
8746068,336.25,622,782,0
8746078,337.12,622,783,0
8746088,338.76,622,782,0
8746098,341.83,622,783,0
8746108,346.47,622,782,0
8746118,353.23,622,783,0
8746128,361.77,622,781,0
8746138,372.17,622,783,0
8746148,383.90,622,782,0
8746158,396.88,622,783,0
8746177,410.20,663,781,0
8746180,423.55,663,783,0
8746189,436.24,663,782,0
8746199,447.74,663,783,0
8746209,457.25,663,782,0
8746219,464.80,663,782,0
8746229,470.00,663,782,0
8746240,473.22,663,782,0
8746249,474.14,663,782,0
8746259,473.11,663,782,0
8746269,470.51,663,782,0
8746279,466.80,663,782,0
8746289,462.06,663,782,0
8746299,456.64,663,783,0
8746309,450.62,663,782,0
8746319,444.31,663,782,0
8746329,437.57,663,782,0
8746339,430.84,663,782,0
8746349,424.03,663,782,0
8746359,417.47,663,782,0
8746369,411.37,663,782,0
8746379,406.07,663,783,0
8746389,401.42,663,782,0
8746399,397.70,663,782,0
8746409,394.79,663,782,0
8746419,393.09,663,783,0
8746429,392.17,663,782,0
8746439,391.90,663,782,0
8746449,391.93,663,782,0
8746459,392.34,663,783,0
8746469,392.79,663,782,0
8746479,393.20,663,782,0
8746489,393.31,663,782,0
8746499,393.26,663,783,0
8746509,392.92,663,782,0
8746519,392.35,663,782,0
8746529,391.51,663,782,0
8746540,390.63,663,782,0
8746550,389.67,663,782,0
8746560,388.57,663,782,0
8746570,387.50,663,782,0
8746580,386.32,663,782,0
8746590,385.15,663,782,0
8746600,383.99,663,782,0
8746610,382.79,663,782,0
8746620,381.53,663,782,0
8746630,380.34,663,782,0
8746640,379.12,663,782,0
8746650,378.06,663,783,0
8746660,376.84,663,782,0
8746670,375.65,663,782,0
8746680,374.34,663,782,0
8746690,373.12,663,782,0
8746700,371.71,663,782,0
8746711,370.30,663,783,0
8746721,368.71,663,782,0
8746731,367.43,663,783,0
8746741,366.23,663,782,0
8746752,365.82,663,783,0
8746761,365.96,663,782,0
8746771,367.47,663,783,0
8746781,370.29,663,781,0
8746791,375.34,663,783,0
8746801,382.53,663,782,0
8746811,392.40,663,783,0
8746821,404.58,663,781,0
8746831,419.32,663,783,0
8746850,435.72,673,781,0
8746853,453.89,673,783,0
8746862,472.27,673,781,0
8746872,490.36,673,783,0
8746882,506.92,673,781,0
8746892,521.35,673,783,0
8746902,532.68,673,781,0
8746912,540.88,673,783,0
8746923,545.37,673,781,0
8746932,546.89,673,783,0
8746942,545.34,673,781,0
8746952,541.64,673,783,0
8746962,535.79,673,781,0
8746972,528.91,673,783,0
8746982,520.84,673,781,0
8746992,512.31,673,783,0
8747002,503.13,673,781,0
8747012,494.18,673,783,0
8747022,485.04,673,781,0
8747032,476.33,673,783,0
8747042,467.57,673,781,0
8747052,459.73,673,783,0
8747062,452.31,673,781,0
8747072,446.05,673,783,0
8747082,440.46,673,781,0
8747092,436.29,673,783,0
8747102,433.16,673,781,0
8747112,431.40,673,783,0
8747122,430.25,673,781,0
8747132,430.13,673,783,0
8747142,430.22,673,781,0
8747152,430.80,673,783,0
8747162,430.99,673,781,0
8747172,431.29,673,783,0
8747182,431.03,673,780,0
8747192,430.64,673,783,0
8747202,429.37,673,782,0
8747212,427.85,673,783,0
8747223,425.45,673,781,0
8747233,422.74,673,783,0
8747243,419.22,673,781,0
8747253,415.73,673,783,0
8747264,411.82,673,781,0
8747273,408.36,673,783,0
8747283,404.61,673,781,0
8747293,401.30,673,783,0
8747303,398.21,673,780,0
8747313,395.66,673,784,0
8747323,393.15,673,780,0
8747333,391.30,673,784,0
8747343,389.41,673,781,0
8747353,388.17,673,783,0
8747363,386.84,673,781,0
8747373,385.90,673,783,0
8747383,384.82,673,781,0
8747393,384.06,673,783,0
8747403,382.97,673,781,0
8747413,382.08,673,783,0
8747423,380.90,673,780,0
8747433,380.16,673,784,0
8747443,379.30,673,781,0
8747453,379.16,673,783,0
8747463,379.41,673,781,0
8747473,381.09,673,784,0
8747483,384.06,673,780,0
8747493,389.36,673,784,0
8747503,397.05,673,780,0
8747513,408.01,673,784,0
8747523,421.98,673,781,0
8747533,439.55,673,783,0
8747543,459.75,673,781,0
8747553,482.58,673,783,0
8747564,506.53,673,781,0
8747583,530.89,733,780,0
8747586,554.02,733,782,0
8747595,575.32,733,783,0
8747606,592.92,733,782,0
8747615,606.66,733,783,0
8747625,615.29,733,781,0
8747635,619.36,733,783,0
8747645,618.44,733,781,0
8747655,613.63,733,783,0
8747665,604.79,733,781,0
8747675,593.45,733,783,0
8747685,579.60,733,781,0
8747695,564.85,733,783,0
8747705,549.12,733,781,0
8747715,533.66,733,783,0
8747725,518.07,733,782,0
8747735,503.57,733,783,0
8747745,489.73,733,781,0
8747755,477.51,733,783,0
8747765,466.43,733,781,0
8747776,457.30,733,783,0
8747785,449.71,733,781,0
8747795,444.22,733,783,0
8747805,440.21,733,782,0
8747815,438.26,733,783,0
8747825,437.59,733,781,0
8747835,438.52,733,783,0
8747845,440.17,733,781,0
8747855,442.69,733,783,0
8747865,445.18,733,781,0
8747875,447.78,733,784,0
8747885,449.69,733,781,0
8747895,451.20,733,783,0
8747905,451.52,733,781,0
8747915,450.98,733,783,0
8747925,448.89,733,781,0
8747935,445.88,733,783,0
8747945,441.54,733,781,0
8747955,436.54,733,783,0
8747965,430.72,733,781,0
8747975,424.93,733,783,0
8747985,418.95,733,781,0
8747995,413.74,733,783,0
8748005,408.85,733,781,0
8748015,405.08,733,783,0
8748025,401.80,733,781,0
8748035,399.59,733,783,0
8748045,397.65,733,781,0
8748055,396.77,733,783,0
8748065,396.07,733,781,0
8748076,396.18,733,783,0
8748086,396.17,733,781,0
8748096,396.72,733,783,0
8748106,397.27,733,781,0
8748116,398.56,733,782,0
8748126,400.15,733,781,0
8748136,402.93,733,783,0
8748146,407.24,733,781,0
8748156,414.37,733,783,0
8748166,424.59,733,781,0
8748176,439.07,733,783,0
8748186,457.99,733,781,0
8748196,481.74,733,783,0
8748206,509.42,733,781,0
8748216,540.28,733,783,0
8748226,572.55,733,782,0
8748236,604.79,733,783,0
8748256,634.64,673,781,0
8748259,660.46,673,783,0
8748268,680.94,673,782,0
8748278,695.27,673,782,0
8748289,702.82,673,782,0
8748299,703.86,673,782,0
8748309,698.84,673,782,0
8748319,688.69,673,782,0
8748329,674.43,673,782,0
8748339,656.94,673,782,0
8748349,637.33,673,782,0
8748359,616.32,673,782,0
8748369,594.71,673,782,0
8748379,573.20,673,782,0
8748389,552.39,673,782,0
8748399,532.65,673,781,0
8748409,514.50,673,783,0
8748419,498.53,673,782,0
8748429,485.17,673,783,0
8748439,474.71,673,782,0
8748449,467.29,673,782,0
8748460,462.71,673,781,0
8748470,460.99,673,783,0
8748480,461.42,673,781,0
8748490,463.65,673,783,0
8748500,466.80,673,781,0
8748510,470.37,673,783,0
8748520,473.56,673,780,0
8748530,476.31,673,783,0
8748540,477.72,673,780,0
8748550,478.14,673,784,0
8748560,477.03,673,781,0
8748570,474.83,673,782,0
8748580,471.33,673,781,0
8748590,466.90,673,783,0
8748600,461.44,673,782,0
8748610,455.57,673,783,0
8748620,449.01,673,781,0
8748631,442.37,673,783,0
8748641,435.40,673,781,0
8748651,428.68,673,783,0
8748661,421.92,673,780,0
8748672,415.56,673,783,0
8748681,409.56,673,781,0
8748691,404.29,673,783,0
8748701,399.23,673,781,0
8748711,394.83,673,783,0
8748721,390.64,673,780,0
8748731,387.11,673,783,0
8748741,383.77,673,781,0
8748751,380.88,673,783,0
8748761,377.96,673,780,0
8748771,375.62,673,783,0
8748781,373.67,673,781,0
8748791,372.91,673,783,0
8748801,373.63,673,780,0
8748811,377.17,673,783,0
8748821,384.19,673,781,0
8748831,396.26,673,783,0
8748841,413.93,673,781,0
8748851,437.73,673,783,0
8748861,467.17,673,779,0
8748871,501.75,673,784,0
8748881,539.32,673,780,0
8748891,577.97,673,783,0
8748901,615.01,673,780,0
8748911,648.65,673,784,0
8748921,676.74,673,781,0
8748940,698.16,684,780,0
8748943,711.23,684,782,0
8748952,716.56,684,783,0
8748962,713.78,684,781,0
8748972,704.20,684,783,0
8748982,687.90,684,781,0
8748992,666.71,684,783,0
8749002,641.51,684,780,0
8749012,614.40,684,784,0
8749022,585.74,684,781,0
8749032,557.70,684,783,0
8749042,530.45,684,781,0
8749052,505.54,684,783,0
8749062,482.75,684,780,0
8749072,462.81,684,783,0
8749082,445.30,684,780,0
8749092,430.64,684,784,0
8749102,418.15,684,780,0
8749112,408.07,684,784,0
8749122,399.69,684,781,0
8749132,393.57,684,784,0
8749143,388.99,684,781,0
8749153,386.38,684,784,0
8749163,385.11,684,781,0
8749173,385.37,684,783,0
8749184,386.63,684,780,0
8749193,389.01,684,784,0
8749203,391.62,684,781,0
8749213,394.74,684,783,0
8749223,397.43,684,780,0
8749233,400.00,684,784,0
8749243,401.84,684,779,0
8749253,403.05,684,783,0
8749263,403.16,684,780,0
8749273,402.64,684,783,0
8749283,400.91,684,781,0
8749293,398.58,684,783,0
8749303,395.23,684,780,0
8749313,391.43,684,783,0
8749323,387.15,684,780,0
8749333,382.82,684,783,0
8749343,378.03,684,780,0
8749353,373.56,684,783,0
8749363,369.02,684,781,0
8749373,365.07,684,783,0
8749383,361.19,684,780,0
8749393,357.79,684,783,0
8749403,354.51,684,781,0
8749413,351.79,684,784,0
8749423,349.15,684,780,0
8749433,346.92,684,784,0
8749443,345.02,684,780,0
8749453,344.28,684,783,0
8749463,344.97,684,780,0
8749473,348.24,684,784,0
8749484,355.15,684,781,0
8749494,367.23,684,783,0
8749504,385.72,684,781,0
8749514,411.48,684,783,0
8749524,444.38,684,781,0
8749543,483.86,603,780,0
8749546,526.98,603,781,0
8749555,570.65,603,783,0
8749565,612.29,603,782,0
8749575,649.70,603,783,0
8749585,681.16,603,782,0
8749595,705.80,603,783,0
8749605,723.30,603,781,0
8749615,733.93,603,783,0
8749625,737.46,603,781,0
8749635,734.02,603,783,0
8749645,723.39,603,782,0
8749655,706.04,603,783,0
8749665,681.99,603,780,0
8749675,651.61,603,783,0
8749685,616.67,603,782,0
8749696,579.74,603,783,0
8749705,542.66,603,781,0
8749715,507.19,603,783,0
8749725,474.00,603,781,0
8749735,444.43,603,783,0
8749745,419.06,603,781,0
8749755,398.86,603,783,0
8749765,383.77,603,782,0
8749775,373.85,603,783,0
8749785,368.75,603,781,0
8749795,368.57,603,783,0
8749805,372.39,603,782,0
8749815,379.94,603,783,0
8749825,390.03,603,781,0
8749835,402.19,603,783,0
8749845,415.16,603,781,0
8749855,428.31,603,783,0
8749865,440.26,603,782,0
8749875,450.73,603,783,0
8749885,458.57,603,782,0
8749895,463.75,603,783,0
8749905,465.88,603,782,0
8749915,465.19,603,783,0
8749925,461.66,603,781,0
8749935,456.15,603,783,0
8749945,448.69,603,782,0
8749955,440.38,603,783,0
8749965,431.40,603,782,0
8749975,422.36,603,783,0
8749985,413.43,603,782,0
8749996,405.24,603,782,0
8750006,397.63,603,782,0
8750016,391.14,603,783,0
8750026,385.18,603,782,0
8750036,380.24,603,782,0
8750046,376.18,603,782,0
8750056,373.21,603,783,0
8750066,370.96,603,782,0
8750076,369.60,603,782,0
8750086,368.87,603,782,0
8750096,369.59,603,782,0
8750106,372.07,603,782,0
8750116,377.15,603,782,0
8750126,385.80,603,782,0
8750136,399.71,603,783,0
8750146,420.07,603,782,0
8750156,448.16,603,782,0
8750167,483.90,603,782,0
8750177,524.09,603,782,0
8750187,565.97,603,783,0
8750197,607.17,603,782,0
8750208,645.17,603,783,0
8750217,678.04,603,783,0
8750227,704.00,603,782,0
8750237,722.17,603,782,0
8750257,734.93,713,781,0
8750260,743.87,713,782,0
8750269,750.16,713,784,0
8750279,754.53,713,782,0
8750289,757.58,713,784,0
8750299,759.72,713,781,0
8750309,759.25,713,784,0
8750319,754.33,713,780,0
8750329,743.99,713,784,0
8750339,727.62,713,781,0
8750349,705.02,713,784,0
8750359,676.00,713,780,0
8750369,641.07,713,784,0
8750380,602.61,713,780,0
8750390,563.60,713,784,0
8750400,525.87,713,780,0
8750410,491.24,713,784,0
8750420,460.91,713,780,0
8750430,436.00,713,784,0
8750440,416.63,713,780,0
8750450,403.49,713,784,0
8750460,396.06,713,779,0
8750470,394.07,713,784,0
8750480,396.15,713,780,0
8750490,401.50,713,784,0
8750500,409.07,713,780,0
8750510,418.05,713,783,0
8750520,426.69,713,780,0
8750530,434.37,713,783,0
8750540,439.92,713,781,0
8750551,443.58,713,783,0
8750561,444.74,713,779,0
8750571,443.44,713,783,0
8750581,439.58,713,780,0
8750592,434.01,713,784,0
8750601,426.85,713,780,0
8750611,418.92,713,784,0
8750621,410.20,713,780,0
8750631,401.48,713,784,0
8750641,392.81,713,780,0
8750651,384.81,713,784,0
8750661,377.20,713,780,0
8750671,370.41,713,784,0
8750681,364.29,713,780,0
8750691,359.19,713,783,0
8750701,354.63,713,781,0
8750711,351.01,713,784,0
8750721,347.84,713,781,0
8750731,345.61,713,783,0
8750741,343.72,713,781,0
8750751,342.86,713,783,0
8750761,342.99,713,781,0
8750771,345.56,713,783,0
8750781,351.31,713,781,0
8750791,362.49,713,783,0
8750801,380.47,713,781,0
8750811,407.07,713,783,0
8750821,442.71,713,781,0
8750831,485.01,713,783,0
8750841,530.52,713,781,0
8750851,576.56,713,783,0
8750861,620.02,713,781,0
8750871,658.42,713,783,0
8750881,689.62,713,781,0
8750901,712.19,645,778,0
8750904,727.99,645,780,0
8750913,739.05,645,784,0
8750923,746.84,645,780,0
8750934,752.28,645,783,0
8750943,756.10,645,780,0
8750953,758.77,645,784,0
8750963,760.64,645,781,0
8750973,761.95,645,783,0
8750983,761.58,645,780,0
8750993,757.42,645,784,0
8751003,747.56,645,781,0
8751013,731.11,645,783,0
8751023,707.63,645,781,0
8751033,677.19,645,783,0
8751043,640.23,645,781,0
8751053,598.89,645,783,0
8751063,556.37,645,780,0
8751073,515.80,645,783,0
8751083,479.17,645,781,0
8751093,448.05,645,783,0
8751104,423.31,645,781,0
8751113,405.34,645,783,0
8751123,393.71,645,781,0
8751133,387.97,645,783,0
8751143,386.86,645,781,0
8751153,389.56,645,783,0
8751163,394.49,645,781,0
8751173,400.69,645,783,0
8751183,406.82,645,781,0
8751193,412.49,645,783,0
8751203,416.54,645,781,0
8751213,418.87,645,783,0
8751223,418.91,645,780,0
8751233,417.05,645,784,0
8751243,413.18,645,780,0
8751253,407.72,645,783,0
8751263,400.74,645,781,0
8751273,392.97,645,783,0
8751283,384.79,645,780,0
8751293,376.76,645,784,0
8751303,369.03,645,781,0
8751313,362.16,645,783,0
8751323,356.07,645,781,0
8751333,351.25,645,783,0
8751343,347.28,645,781,0
8751353,344.32,645,783,0
8751363,342.00,645,780,0
8751373,340.50,645,783,0
8751383,339.28,645,781,0
8751393,338.68,645,783,0
8751404,337.92,645,781,0
8751414,337.56,645,783,0
8751424,337.26,645,781,0
8751434,337.74,645,783,0
8751444,339.19,645,781,0
8751454,343.03,645,783,0
8751464,350.52,645,782,0
8751474,363.99,645,783,0
8751484,385.12,645,782,0
8751494,415.47,645,783,0
8751504,454.50,645,781,0
8751514,498.97,645,783,0
8751524,545.69,645,782,0
8751534,591.85,645,783,0
8751544,634.46,645,781,0
8751563,670.88,662,780,0
8751566,699.11,662,782,0
8751575,718.88,662,783,0
8751585,732.72,662,782,0
8751595,742.40,662,783,0
8751605,749.18,662,782,0
8751616,753.93,662,783,0
8751625,757.25,662,782,0
8751635,759.57,662,782,0
8751645,761.20,662,782,0
8751655,762.26,662,783,0
8751665,759.95,662,782,0
8751675,752.29,662,783,0
8751685,737.89,662,782,0
8751695,715.94,662,782,0
8751705,686.39,662,782,0
8751715,649.41,662,782,0
8751725,605.53,662,782,0
8751735,558.57,662,782,0
8751745,511.60,662,782,0
8751755,467.32,662,783,0
8751765,427.62,662,782,0
8751775,393.88,662,782,0
8751785,366.87,662,782,0
8751795,347.07,662,783,0
8751805,334.10,662,782,0
8751815,327.64,662,782,0
8751825,326.55,662,782,0
8751835,329.94,662,783,0
8751845,336.22,662,782,0
8751855,344.25,662,782,0
8751865,352.79,662,783,0
8751875,360.87,662,783,0
8751885,367.42,662,782,0
8751895,372.14,662,782,0
8751905,374.50,662,782,0
8751916,374.69,662,782,0
8751926,372.64,662,782,0
8751936,368.55,662,782,0
8751946,362.86,662,782,0
8751956,356.00,662,782,0
8751966,348.33,662,782,0
8751976,340.30,662,782,0
8751986,332.11,662,782,0
8751996,324.32,662,782,0
8752006,317.24,662,782,0
8752016,311.17,662,782,0
8752026,306.19,662,782,0
8752036,302.36,662,782,0
8752046,299.64,662,782,0
8752056,298.12,662,782,0
8752066,297.57,662,782,0
8752076,297.91,662,782,0
8752087,298.84,662,783,0
8752097,300.17,662,782,0
8752107,301.71,662,783,0
8752117,303.21,662,782,0
8752128,304.56,662,783,0
8752137,305.55,662,782,0
8752147,306.50,662,782,0
8752157,307.93,662,782,0
8752167,311.34,662,783,0
8752177,317.97,662,782,0
8752187,330.15,662,783,0
8752197,350.03,662,782,0
8752207,379.68,662,783,0
8752217,419.55,662,782,0
8752227,466.23,662,783,0
8752237,516.04,662,782,0
8752247,566.17,662,783,0
8752266,613.35,703,782,0
8752269,654.60,703,784,0
8752278,687.46,703,782,0
8752288,710.73,703,783,0
8752299,727.01,703,782,0
8752308,738.41,703,783,0
8752318,746.38,703,781,0
8752328,751.97,703,783,0
8752338,755.88,703,782,0
8752348,758.61,703,783,0
8752358,760.53,703,781,0
8752368,761.87,703,783,0
8752378,759.94,703,782,0
8752388,752.84,703,783,0
8752398,738.70,703,781,0
8752408,716.64,703,783,0
8752418,686.23,703,782,0
8752428,648.10,703,783,0
8752438,602.52,703,782,0
8752448,553.33,703,783,0
8752458,503.48,703,781,0
8752468,456.32,703,783,0
8752478,413.79,703,781,0
8752488,377.77,703,783,0
8752498,348.74,703,781,0
8752508,327.56,703,783,0
8752518,313.81,703,781,0
8752528,307.35,703,783,0
8752538,306.86,703,782,0
8752548,311.70,703,783,0
8752558,320.11,703,782,0
8752568,330.92,703,783,0
8752578,342.56,703,782,0
8752588,354.26,703,783,0
8752599,364.55,703,781,0
8752609,373.17,703,783,0
8752619,378.95,703,781,0
8752629,382.26,703,783,0
8752640,382.61,703,781,0
8752649,380.80,703,783,0
8752659,376.49,703,781,0
8752669,370.73,703,783,0
8752679,363.44,703,781,0
8752689,355.81,703,783,0
8752699,347.76,703,781,0
8752709,340.16,703,783,0
8752719,332.57,703,781,0
8752729,325.93,703,783,0
8752739,319.74,703,781,0
8752749,314.63,703,783,0
8752759,309.98,703,781,0
8752769,306.22,703,783,0
8752779,302.98,703,781,0
8752789,300.71,703,783,0
8752799,298.66,703,781,0
8752809,297.39,703,783,0
8752819,296.20,703,781,0
8752829,295.88,703,783,0
8752839,296.26,703,781,0
8752849,298.58,703,783,0
8752859,303.51,703,781,0
8752869,313.43,703,783,0
8752879,329.80,703,781,0
8752889,355.40,703,783,0
8752899,390.85,703,782,0
8752909,435.21,703,783,0
8752919,484.48,703,781,0
8752929,535.68,703,783,0
8752949,585.40,683,782,0
8752952,630.80,683,784,0
8752961,668.74,683,781,0
8752971,697.62,683,783,0
8752982,717.83,683,781,0
8752991,732.03,683,783,0
8753001,741.96,683,781,0
8753011,748.92,683,783,0
8753021,753.78,683,781,0
8753031,757.19,683,783,0
8753041,759.58,683,781,0
8753051,761.25,683,783,0
8753061,759.54,683,781,0
8753071,752.65,683,783,0
8753081,738.27,683,781,0
8753091,715.52,683,783,0
8753101,683.82,683,781,0
8753111,643.93,683,783,0
8753121,596.04,683,781,0
8753131,544.17,683,783,0
8753141,491.28,683,781,0
8753152,441.39,683,783,0
8753161,396.53,683,781,0
8753171,358.87,683,783,0
8753181,328.57,683,781,0
8753191,306.93,683,783,0
8753201,293.06,683,781,0
8753211,287.09,683,783,0
8753221,287.36,683,781,0
8753231,293.38,683,783,0
8753241,303.08,683,781,0
8753251,315.74,683,783,0
8753261,329.19,683,781,0
8753271,343.02,683,783,0
8753281,355.36,683,781,0
8753291,366.09,683,783,0
8753301,373.91,683,781,0
8753311,379.25,683,783,0
8753321,381.27,683,781,0
8753331,380.85,683,783,0
8753341,377.59,683,781,0
8753351,372.57,683,783,0
8753361,365.50,683,781,0
8753371,357.55,683,783,0
8753381,348.43,683,781,0
8753391,339.43,683,783,0
8753401,330.09,683,781,0
8753411,321.57,683,783,0
8753421,313.47,683,781,0
8753431,306.77,683,783,0
8753441,300.84,683,781,0
8753452,296.56,683,783,0
8753462,293.18,683,781,0
8753472,291.45,683,783,0
8753482,290.46,683,781,0
8753492,290.84,683,783,0
8753502,291.74,683,781,0
8753512,294.01,683,783,0
8753522,297.48,683,781,0
8753532,303.63,683,783,0
8753542,313.04,683,781,0
8753552,328.24,683,783,0
8753562,350.80,683,781,0
8753572,383.35,683,783,0
8753582,425.24,683,781,0
8753592,473.04,683,783,0
8753602,523.26,683,781,0
8753622,573.37,672,780,0
8753625,620.01,672,782,0
8753634,660.47,672,783,0
8753644,691.83,672,782,0
8753654,713.78,672,782,0
8753665,729.14,672,782,0
8753675,739.90,672,782,0
8753685,747.43,672,782,0
8753695,752.70,672,782,0
8753705,756.39,672,783,0
8753715,758.97,672,782,0
8753725,760.78,672,782,0
8753735,760.50,672,782,0
8753745,754.95,672,782,0
8753755,742.28,672,782,0
8753765,720.94,672,782,0
8753775,690.53,672,782,0
8753785,651.03,672,782,0
8753795,603.23,672,782,0
8753805,549.51,672,782,0
8753815,494.37,672,782,0
8753825,441.24,672,782,0
8753836,393.26,672,782,0
8753846,352.42,672,782,0
8753856,319.94,672,782,0
8753866,296.30,672,783,0
8753876,281.47,672,782,0
8753886,274.94,672,782,0
8753896,275.43,672,782,0
8753906,281.77,672,782,0
8753916,292.04,672,782,0
8753926,305.10,672,782,0
8753936,319.04,672,782,0
8753946,332.66,672,782,0
8753956,344.80,672,781,0
8753966,354.98,672,782,0
8753976,362.27,672,782,0
8753986,366.65,672,782,0
8753996,367.78,672,781,0
8754007,366.26,672,783,0
8754017,362.28,672,781,0
8754027,356.20,672,782,0
8754037,348.30,672,781,0
8754048,339.46,672,783,0
8754057,330.24,672,781,0
8754067,321.08,672,782,0
8754077,312.06,672,781,0
8754087,303.73,672,783,0
8754097,296.31,672,781,0
8754107,290.13,672,783,0
8754117,284.73,672,781,0
8754127,280.44,672,783,0
8754137,277.05,672,781,0
8754147,274.98,672,783,0
8754157,273.79,672,781,0
8754167,273.55,672,783,0
8754177,273.86,672,781,0
8754187,275.14,672,783,0
8754197,276.99,672,781,0
8754207,280.20,672,783,0
8754217,285.11,672,781,0
8754227,293.22,672,783,0
8754237,306.14,672,782,0
8754247,326.33,672,783,0
8754257,355.59,672,781,0
8754267,395.40,672,783,0
8754277,442.59,672,782,0
8754287,493.84,672,783,0
8754297,545.96,672,781,0
8754307,595.90,672,783,0
8754326,640.46,705,782,0
8754329,676.96,705,783,0
8754338,703.42,705,781,0
8754348,721.94,705,783,0
8754358,734.90,705,781,0
8754368,744.01,705,783,0
8754378,750.40,705,781,0
8754388,754.86,705,783,0
8754398,757.95,705,781,0
8754408,760.11,705,783,0
8754418,761.62,705,781,0
8754428,759.07,705,783,0
8754438,749.84,705,781,0
8754448,732.19,705,783,0
8754458,704.87,705,781,0
8754468,668.01,705,783,0
8754478,621.98,705,781,0
8754488,567.81,705,783,0
8754498,509.88,705,781,0
8754508,452.66,705,783,0
8754519,399.23,705,781,0
8754529,352.75,705,783,0
8754539,314.21,705,781,0
8754549,285.05,705,783,0
8754560,264.93,705,781,0
8754569,254.15,705,783,0
8754579,251.15,705,781,0
8754589,255.31,705,783,0
8754599,264.56,705,781,0
8754609,278.10,705,783,0
8754619,293.46,705,781,0
8754629,309.78,705,783,0
8754639,325.23,705,781,0
8754649,339.48,705,783,0
8754659,351.08,705,781,0
8754669,359.92,705,783,0
8754679,365.09,705,781,0
8754689,367.25,705,783,0
8754699,366.10,705,781,0
8754709,362.64,705,783,0
8754719,356.58,705,781,0
8754729,349.16,705,783,0
8754739,340.46,705,781,0
8754749,331.58,705,783,0
8754759,322.36,705,780,0
8754769,313.81,705,783,0
8754779,305.60,705,781,0
8754789,298.60,705,783,0
8754799,292.25,705,781,0
8754809,287.29,705,783,0
8754819,283.05,705,781,0
8754829,280.07,705,783,0
8754839,277.57,705,781,0
8754849,275.94,705,783,0
8754860,274.59,705,781,0
8754870,274.02,705,783,0
8754880,273.89,705,781,0
8754890,275.38,705,783,0
8754900,279.04,705,781,0
8754910,286.70,705,783,0
8754920,299.77,705,780,0
8754930,320.88,705,783,0
8754940,351.60,705,781,0
8754950,393.25,705,783,0
8754960,442.08,705,781,0
8754970,494.64,705,783,0
8754980,547.59,705,781,0
8754999,597.98,673,780,0
8755002,642.52,673,782,0
8755011,678.66,673,783,0
8755021,704.56,673,781,0
8755031,722.69,673,783,0
8755041,735.39,673,781,0
8755051,744.27,673,783,0
8755061,750.49,673,781,0
8755072,754.84,673,783,0
8755081,756.90,673,781,0
8755091,753.93,673,783,0
8755101,743.58,673,781,0
8755111,724.68,673,783,0
8755121,696.75,673,781,0
8755131,659.79,673,783,0
8755141,614.04,673,781,0
8755151,561.40,673,783,0
8755161,505.82,673,781,0
8755171,451.28,673,783,0
8755181,400.11,673,781,0
8755191,354.52,673,783,0
8755201,315.58,673,781,0
8755211,284.59,673,783,0
8755221,261.61,673,781,0
8755231,247.11,673,783,0
8755241,240.05,673,781,0
8755251,240.08,673,783,0
8755261,245.58,673,781,0
8755271,255.78,673,783,0
8755281,269.00,673,781,0
8755291,284.17,673,783,0
8755301,299.34,673,781,0
8755311,314.06,673,783,0
8755321,326.99,673,781,0
8755331,338.05,673,783,0
8755341,346.31,673,781,0
8755351,352.00,673,783,0
8755361,354.61,673,781,0
8755372,354.99,673,783,0
8755382,352.76,673,781,0
8755392,348.93,673,783,0
8755402,343.30,673,782,0
8755412,336.91,673,783,0
8755422,329.56,673,781,0
8755432,322.37,673,783,0
8755442,314.97,673,782,0
8755452,308.25,673,782,0
8755462,301.92,673,782,0
8755472,296.59,673,783,0
8755482,291.87,673,781,0
8755492,288.22,673,782,0
8755502,285.24,673,782,0
8755512,283.33,673,783,0
8755522,282.03,673,782,0
8755532,281.55,673,782,0
8755543,281.47,673,782,0
8755553,282.01,673,783,0
8755563,282.91,673,782,0
8755573,284.61,673,782,0
8755584,287.64,673,782,0
8755593,293.02,673,782,0
8755603,301.89,673,782,0
8755613,316.06,673,782,0
8755623,336.79,673,782,0
8755633,365.22,673,783,0
8755643,401.58,673,782,0
8755653,445.21,673,782,0
8755663,493.19,673,782,0
8755682,542.20,683,781,0
8755685,589.11,683,783,0
8755694,631.55,683,782,0
8755704,667.64,683,783,0
8755714,696.21,683,782,0
8755724,715.60,683,782,0
8755734,725.75,683,782,0
8755744,727.07,683,783,0
8755755,719.72,683,782,0
8755764,704.16,683,782,0
8755774,680.67,683,782,0
8755784,649.78,683,782,0
8755794,613.21,683,782,0
8755804,573.63,683,782,0
8755814,533.03,683,782,0
8755824,493.25,683,782,0
8755834,455.37,683,782,0
8755844,420.55,683,782,0
8755854,389.44,683,782,0
8755864,362.61,683,783,0
8755874,340.10,683,782,0
8755884,322.20,683,782,0
8755894,308.98,683,782,0
8755904,300.46,683,783,0
8755914,296.29,683,782,0
8755924,296.12,683,782,0
8755934,299.38,683,782,0
8755944,305.48,683,782,0
8755954,313.61,683,782,0
8755964,323.11,683,783,0
8755974,333.11,683,782,0
8755984,343.02,683,783,0
8755994,352.06,683,782,0
8756004,359.75,683,782,0
8756014,365.74,683,782,0
8756024,369.93,683,782,0
8756034,372.01,683,782,0
8756044,372.22,683,782,0
8756055,370.61,683,782,0
8756065,367.56,683,783,0
8756075,363.28,683,782,0
8756085,358.26,683,783,0
8756096,352.61,683,781,0
8756105,346.82,683,783,0
8756115,340.96,683,782,0
8756125,335.31,683,783,0
8756135,329.86,683,781,0
8756145,324.97,683,783,0
8756155,320.40,683,782,0
8756165,316.63,683,783,0
8756175,313.27,683,781,0
8756185,310.62,683,782,0
8756195,308.59,683,782,0
8756205,307.39,683,783,0
8756215,306.58,683,781,0
8756225,306.67,683,782,0
8756235,307.54,683,782,0
8756245,310.08,683,783,0
8756255,314.68,683,781,0
8756265,322.62,683,783,0
8756275,334.73,683,782,0
8756285,352.69,683,783,0
8756295,377.04,683,782,0
8756305,408.27,683,783,0
8756315,445.52,683,782,0
8756325,487.75,683,783,0
8756344,532.27,662,782,0
8756347,576.41,662,784,0
8756356,617.52,662,782,0
8756366,653.75,662,783,0
8756376,682.75,662,781,0
8756386,703.31,662,783,0
8756396,714.28,662,781,0
8756406,715.99,662,783,0
8756416,709.01,662,781,0
8756426,694.18,662,783,0
8756436,671.67,662,781,0
8756446,643.52,662,783,0
8756456,611.05,662,781,0
8756466,576.11,662,783,0
8756476,539.90,662,781,0
8756486,504.36,662,783,0
8756496,470.05,662,781,0
8756506,438.45,662,783,0
8756516,409.52,662,781,0
8756526,384.25,662,783,0
8756536,362.62,662,781,0
8756546,345.33,662,783,0
8756556,331.95,662,781,0
8756567,323.13,662,783,0
8756577,318.08,662,781,0
8756587,317.07,662,783,0
8756597,319.19,662,781,0
8756608,324.49,662,783,0
8756617,331.76,662,781,0
8756627,340.96,662,783,0
8756637,350.61,662,781,0
8756647,360.76,662,783,0
8756657,370.05,662,781,0
8756667,378.52,662,783,0
8756677,385.18,662,781,0
8756687,390.39,662,783,0
8756697,393.28,662,781,0
8756707,394.52,662,783,0
8756717,393.64,662,781,0
8756727,391.52,662,783,0
8756737,387.98,662,781,0
8756747,383.91,662,783,0
8756757,379.05,662,781,0
8756767,374.32,662,783,0
8756777,369.34,662,781,0
8756787,365.00,662,783,0
8756797,360.88,662,781,0
8756807,357.57,662,783,0
8756817,354.53,662,781,0
8756827,352.40,662,783,0
8756837,350.48,662,781,0
8756847,349.39,662,783,0
8756857,348.59,662,781,0
8756867,349.06,662,783,0
8756877,350.84,662,781,0
8756887,355.52,662,783,0
8756897,363.76,662,781,0
8756908,377.72,662,783,0
8756918,398.20,662,781,0
8756928,426.73,662,783,0
8756938,462.72,662,781,0
8756948,504.29,662,783,0
8756958,548.00,662,781,0
8756977,591.37,633,780,0
8756980,631.63,633,782,0
8756989,666.89,633,783,0
8756999,695.25,633,781,0
8757009,716.13,633,783,0
8757019,730.75,633,781,0
8757029,741.02,633,783,0
8757039,748.22,633,781,0
8757049,753.25,633,783,0
8757059,755.70,633,781,0
8757069,754.16,633,783,0
8757079,747.26,633,781,0
8757089,734.41,633,783,0
8757099,714.70,633,781,0
8757109,688.22,633,783,0
8757120,654.90,633,781,0
8757129,616.78,633,783,0
8757139,576.01,633,781,0
8757149,535.25,633,783,0
8757159,496.04,633,781,0
8757169,460.72,633,783,0
8757179,429.99,633,781,0
8757189,405.13,633,783,0
8757199,385.85,633,781,0
8757209,372.78,633,783,0
8757219,365.22,633,781,0
8757229,363.18,633,783,0
8757239,365.27,633,781,0
8757249,371.10,633,783,0
8757259,379.17,633,781,0
8757269,388.93,633,783,0
8757279,398.85,633,781,0
8757289,408.63,633,783,0
8757299,416.75,633,781,0
8757309,423.38,633,783,0
8757319,427.64,633,781,0
8757329,429.85,633,783,0
8757339,429.55,633,781,0
8757349,427.50,633,783,0
8757359,423.45,633,781,0
8757369,418.30,633,783,0
8757379,411.91,633,781,0
8757389,405.12,633,783,0
8757399,397.71,633,781,0
8757409,390.51,633,783,0
8757420,383.25,633,781,0
8757430,376.57,633,783,0
8757440,370.23,633,781,0
8757450,364.72,633,783,0
8757460,359.66,633,782,0
8757470,355.82,633,783,0
8757480,352.74,633,781,0
8757490,351.58,633,783,0
8757500,352.90,633,781,0
8757510,358.50,633,783,0
8757520,369.75,633,781,0
8757530,389.28,633,783,0
8757540,418.38,633,782,0
8757550,456.63,633,783,0
8757560,500.32,633,782,0
8757570,546.60,633,783,0
8757580,592.45,633,782,0
8757600,635.21,623,781,0
8757603,671.71,623,783,0
8757612,699.69,623,783,0
8757622,719.29,623,783,0
8757633,733.00,623,783,0
8757643,742.60,623,783,0
8757653,749.32,623,782,0
8757663,754.02,623,783,0
8757673,757.36,623,782,0
8757683,759.69,623,783,0
8757693,761.33,623,782,0
8757703,762.47,623,783,0
8757713,763.27,623,782,0
8757723,763.83,623,782,0
8757733,764.23,623,782,0
8757743,764.46,623,783,0
8757753,760.29,623,782,0
8757763,749.79,623,782,0
8757773,731.30,623,782,0
8757783,704.34,623,783,0
8757793,669.35,623,782,0
8757804,627.24,623,783,0
8757814,579.09,623,782,0
8757824,530.63,623,783,0
8757834,485.31,623,782,0
8757844,446.26,623,783,0
8757854,414.90,623,781,0
8757864,391.70,623,783,0
8757874,376.32,623,782,0
8757884,368.21,623,783,0
8757894,365.83,623,781,0
8757904,367.85,623,783,0
8757914,372.44,623,782,0
8757924,378.65,623,783,0
8757934,385.01,623,781,0
8757944,390.84,623,783,0
8757954,395.17,623,781,0
8757964,397.99,623,783,0
8757975,398.72,623,781,0
8757985,397.86,623,783,0
8757995,395.12,623,781,0
8758005,391.23,623,783,0
8758016,386.02,623,781,0
8758025,380.27,623,783,0
8758035,373.89,623,781,0
8758045,367.62,623,783,0
8758055,361.13,623,781,0
8758065,355.14,623,783,0
8758075,349.44,623,781,0
8758085,344.59,623,783,0
8758095,340.26,623,781,0
8758105,337.18,623,783,0
8758115,335.58,623,781,0
8758125,337.21,623,783,0
8758135,343.19,623,781,0
8758145,355.56,623,783,0
8758155,376.44,623,782,0
8758165,408.19,623,783,0
8758175,448.80,623,781,0
8758185,495.06,623,783,0
8758195,543.47,623,781,0
8758214,591.20,614,780,0
8758217,635.24,614,782,0
8758226,672.63,614,783,0
8758236,700.47,614,781,0
8758246,720.00,614,783,0
8758256,733.63,614,781,0
8758266,743.21,614,783,0
8758276,749.88,614,781,0
8758286,754.58,614,783,0
8758296,757.84,614,781,0
8758306,760.16,614,783,0
8758316,761.74,614,781,0
8758326,762.89,614,783,0
8758336,762.49,614,781,0
8758346,757.25,614,783,0
8758356,744.44,614,781,0
8758366,723.18,614,783,0
8758376,692.36,614,781,0
8758386,652.52,614,784,0
8758396,603.98,614,781,0
8758406,549.60,614,783,0
8758416,493.88,614,781,0
8758426,441.46,614,783,0
8758436,394.61,614,781,0
8758446,356.02,614,783,0
8758456,326.19,614,781,0
8758466,306.16,614,783,0
8758476,294.93,614,781,0
8758487,292.25,614,783,0
8758497,296.03,614,781,0
8758507,305.15,614,783,0
8758517,317.45,614,781,0
8758528,331.80,614,783,0
8758537,346.05,614,781,0
8758547,359.23,614,783,0
8758557,369.83,614,781,0
8758567,377.68,614,783,0
8758577,382.06,614,781,0
8758587,383.46,614,783,0
8758597,381.44,614,781,0
8758607,377.11,614,783,0
8758617,370.39,614,781,0
8758627,362.30,614,783,0
8758637,353.04,614,781,0
8758647,343.81,614,783,0
8758657,334.61,614,781,0
8758667,326.24,614,783,0
8758677,318.33,614,781,0
8758687,311.89,614,783,0
8758697,306.56,614,781,0
8758707,302.84,614,783,0
8758717,299.93,614,781,0
8758727,298.19,614,783,0
8758737,297.24,614,781,0
8758747,297.59,614,783,0
8758757,298.83,614,781,0
8758767,302.39,614,783,0
8758777,309.22,614,781,0
8758787,321.54,614,783,0
8758797,341.13,614,781,0
8758807,370.92,614,783,0
8758817,411.27,614,781,0
8758828,458.68,614,783,0
8758838,509.47,614,781,0
8758848,560.76,614,783,0
8758867,609.30,653,782,0
8758871,652.20,653,782,0
8758879,686.21,653,782,0
8758889,710.06,653,783,0
8758899,726.76,653,782,0
8758909,738.40,653,783,0
8758919,746.51,653,782,0
8758929,752.19,653,783,0
8758939,756.20,653,781,0
8758949,758.97,653,783,0
8758959,760.39,653,782,0
8758969,757.15,653,783,0
8758979,746.56,653,781,0
8758989,727.28,653,783,0
8758999,698.61,653,782,0
8759009,660.67,653,783,0
8759019,613.54,653,781,0
8759029,558.82,653,783,0
8759040,501.19,653,782,0
8759049,445.25,653,783,0
8759059,393.74,653,782,0
8759069,349.21,653,783,0
8759079,312.76,653,782,0
8759089,285.92,653,783,0
8759099,268.37,653,781,0
8759109,260.12,653,783,0
8759119,259.65,653,782,0
8759129,265.97,653,783,0
8759139,277.04,653,781,0
8759149,291.64,653,783,0
8759159,307.65,653,781,0
8759169,323.91,653,783,0
8759179,338.55,653,781,0
8759189,351.03,653,783,0
8759199,360.28,653,781,0
8759209,366.28,653,783,0
8759219,368.47,653,781,0
8759229,367.47,653,783,0
8759239,363.21,653,781,0
8759249,356.68,653,783,0
8759259,347.90,653,781,0
8759269,338.08,653,783,0
8759279,327.21,653,781,0
8759289,316.39,653,783,0
8759299,305.64,653,781,0
8759309,295.85,653,783,0
8759319,286.98,653,781,0
8759329,279.70,653,783,0
8759340,273.71,653,782,0
8759350,269.55,653,782,0
8759360,266.77,653,781,0
8759370,265.60,653,782,0
8759380,265.63,653,782,0
8759390,266.81,653,782,0
8759400,268.58,653,781,0
8759410,270.98,653,783,0
8759420,273.56,653,782,0
8759430,276.43,653,782,0
8759440,279.05,653,781,0
8759450,281.82,653,782,0
8759460,285.17,653,782,0
8759470,290.61,653,783,0
8759480,299.55,653,782,0
8759490,314.69,653,783,0
8759500,338.22,653,782,0
8759511,372.87,653,782,0
8759521,417.05,653,782,0
8759531,467.27,653,782,0
8759541,520.07,653,782,0
8759552,572.42,653,782,0
8759561,620.68,653,782,0
8759580,661.79,713,781,0
8759583,692.88,713,783,0
8759592,714.69,713,782,0
8759602,729.95,713,782,0
8759612,740.60,713,782,0
8759622,748.05,713,783,0
8759632,753.30,713,782,0
8759642,756.98,713,782,0
8759652,759.56,713,782,0
8759662,759.56,713,783,0
8759672,753.61,713,782,0
8759682,740.01,713,782,0
8759692,717.21,713,782,0
8759702,684.66,713,783,0
8759712,642.55,713,781,0
8759723,591.47,713,782,0
8759732,534.50,713,782,0
8759742,476.71,713,783,0
8759752,421.42,713,782,0
8759762,371.93,713,783,0
8759772,330.33,713,782,0
8759782,298.05,713,783,0
8759792,275.53,713,782,0
8759802,262.73,713,783,0
8759812,258.61,713,782,0
8759822,262.29,713,783,0
8759832,272.01,713,782,0
8759842,286.32,713,783,0
8759852,303.20,713,782,0
8759862,321.18,713,783,0
8759872,338.44,713,782,0
8759882,354.04,713,783,0
8759892,366.71,713,782,0
8759902,376.14,713,783,0
8759912,381.71,713,781,0
8759922,383.77,713,783,0
8759932,382.38,713,781,0
8759942,378.20,713,783,0
8759952,371.62,713,782,0
8759962,363.42,713,783,0
8759972,353.91,713,781,0
8759982,344.08,713,783,0
8759992,334.11,713,782,0
8760002,324.69,713,783,0
8760012,315.83,713,781,0
8760023,308.12,713,783,0
8760033,301.44,713,781,0
8760043,296.34,713,783,0
8760053,292.34,713,781,0
8760064,289.84,713,783,0
8760073,288.34,713,781,0
8760083,288.15,713,783,0
8760093,288.71,713,781,0
8760103,290.30,713,783,0
8760113,292.26,713,781,0
8760123,294.80,713,783,0
8760133,297.26,713,781,0
8760143,299.88,713,783,0
8760153,302.15,713,781,0
8760163,304.29,713,783,0
8760173,306.00,713,781,0
8760183,308.02,713,783,0
8760193,310.67,713,781,0
8760203,315.70,713,783,0
8760213,324.49,713,781,0
8760223,339.64,713,783,0
8760233,362.93,713,781,0
8760243,396.00,713,783,0
8760253,438.00,713,781,0
8760263,485.61,713,783,0
8760273,535.36,713,781,0
8760283,584.32,713,783,0
8760302,629.14,722,782,0
8760305,667.28,722,783,0
8760314,696.64,722,781,0
8760324,717.23,722,783,0
8760334,731.65,722,781,0
8760344,741.78,722,783,0
8760354,748.88,722,781,0
8760364,753.89,722,783,0
8760374,757.35,722,781,0
8760384,758.27,722,783,0
8760394,753.56,722,781,0
8760404,741.48,722,783,0
8760414,720.81,722,781,0
8760424,691.29,722,783,0
8760434,652.51,722,781,0
8760444,605.43,722,783,0
8760454,552.28,722,781,0
8760464,497.86,722,783,0
8760474,445.23,722,781,0
8760484,397.54,722,783,0
8760494,356.32,722,781,0
8760504,323.61,722,783,0
8760514,299.47,722,781,0
8760524,284.54,722,783,0
8760535,277.91,722,781,0
8760545,279.22,722,783,0
8760555,286.57,722,781,0
8760565,299.13,722,783,0
8760576,314.60,722,781,0
8760585,331.91,722,783,0
8760595,348.91,722,781,0
8760605,364.84,722,783,0
8760615,378.08,722,781,0
8760625,388.52,722,783,0
8760635,395.05,722,781,0
8760645,398.38,722,783,0
8760655,398.05,722,781,0
8760665,395.03,722,783,0
8760675,388.98,722,781,0
8760685,381.27,722,783,0
8760695,371.85,722,781,0
8760705,362.08,722,783,0
8760715,351.90,722,781,0
8760725,342.33,722,783,0
8760735,333.27,722,781,0
8760745,325.69,722,783,0
8760755,319.10,722,781,0
8760765,314.14,722,783,0
8760775,310.11,722,781,0
8760785,307.51,722,783,0
8760795,305.60,722,781,0
8760805,304.78,722,783,0
8760815,304.41,722,781,0
8760825,304.85,722,783,0
8760835,305.41,722,781,0
8760845,306.61,722,783,0
8760855,307.67,722,781,0
8760865,309.27,722,783,0
8760876,310.65,722,781,0
8760886,312.60,722,783,0
8760896,314.90,722,781,0
8760906,319.17,722,783,0
8760916,326.11,722,781,0
8760926,338.08,722,783,0
8760936,356.74,722,781,0
8760946,384.72,722,783,0
8760956,422.73,722,781,0
8760966,467.77,722,783,0
8760976,516.18,722,781,0
8760986,565.28,722,783,0
8760996,611.96,722,781,0
8761015,653.41,713,780,0
8761018,686.76,713,781,0
8761027,710.36,713,783,0
8761037,726.84,713,782,0
8761047,738.42,713,783,0
8761057,746.56,713,781,0
8761067,752.26,713,783,0
8761077,756.21,713,781,0
8761088,758.98,713,783,0
8761097,760.10,713,781,0
8761107,756.94,713,783,0
8761117,747.10,713,782,0
8761127,729.50,713,783,0
8761137,703.51,713,781,0
8761147,669.28,713,783,0
8761157,626.90,713,782,0
8761167,578.24,713,783,0
8761177,527.04,713,781,0
8761187,477.31,713,783,0
8761197,431.49,713,781,0
8761207,391.96,713,783,0
8761217,359.70,713,781,0
8761227,336.05,713,783,0
8761237,320.73,713,781,0
8761247,313.83,713,783,0
8761257,314.09,713,781,0
8761267,320.58,713,783,0
8761277,331.33,713,781,0
8761287,345.21,713,783,0
8761297,360.10,713,781,0
8761307,375.07,713,783,0
8761317,388.34,713,781,0
8761327,399.33,713,783,0
8761337,407.08,713,781,0
8761347,411.81,713,783,0
8761357,412.98,713,781,0
8761367,411.23,713,783,0
8761377,406.53,713,781,0
8761388,399.94,713,783,0
8761398,391.65,713,782,0
8761408,382.58,713,783,0
8761418,372.89,713,782,0
8761428,363.37,713,782,0
8761438,354.21,713,781,0
8761448,346.09,713,783,0
8761458,338.87,713,782,0
8761468,332.95,713,782,0
8761478,328.21,713,781,0
8761488,324.89,713,783,0
8761498,322.74,713,782,0
8761508,321.74,713,782,0
8761518,321.31,713,781,0
8761528,321.56,713,783,0
8761538,322.08,713,782,0
8761548,322.82,713,782,0
8761559,323.22,713,782,0
8761569,323.41,713,782,0
8761579,323.03,713,782,0
8761589,322.34,713,782,0
8761600,321.25,713,782,0
8761609,320.23,713,782,0
8761619,319.78,713,782,0
8761629,321.34,713,782,0
8761639,326.64,713,782,0
8761649,337.51,713,782,0
8761659,356.17,713,782,0
8761669,384.66,713,782,0
8761679,423.72,713,782,0
8761689,469.66,713,782,0
8761699,519.05,713,782,0
8761709,568.49,713,782,0
8761719,615.27,713,782,0
8761738,656.38,723,781,0
8761741,689.13,723,783,0
8761750,712.07,723,782,0
8761760,728.07,723,782,0
8761771,739.28,723,782,0
8761780,747.17,723,782,0
8761790,752.69,723,782,0
8761800,756.51,723,783,0
8761810,755.84,723,782,0
8761820,749.08,723,782,0
8761830,734.82,723,782,0
8761840,712.08,723,782,0
8761850,680.60,723,782,0
8761860,641.07,723,782,0
8761870,594.04,723,782,0
8761880,543.63,723,783,0
8761890,492.65,723,781,0
8761900,444.03,723,782,0
8761910,400.01,723,782,0
8761920,362.33,723,783,0
8761930,331.46,723,782,0
8761940,308.18,723,783,0
8761950,292.40,723,782,0
8761960,284.09,723,783,0
8761970,282.44,723,782,0
8761980,286.72,723,783,0
8761990,295.50,723,782,0
8762000,307.78,723,782,0
8762010,321.90,723,782,0
8762020,336.85,723,783,0
8762030,351.21,723,782,0
8762040,364.05,723,782,0
8762050,374.27,723,782,0
8762060,381.52,723,783,0
8762071,385.22,723,781,0
8762081,385.67,723,783,0
8762091,382.68,723,781,0
8762101,376.99,723,783,0
8762112,368.72,723,781,0
8762121,359.08,723,783,0
8762131,348.25,723,781,0
8762141,337.25,723,783,0
8762151,326.12,723,781,0
8762161,315.80,723,783,0
8762171,306.30,723,781,0
8762181,298.37,723,783,0
8762191,291.66,723,781,0
8762201,286.79,723,783,0
8762211,283.42,723,781,0
8762221,282.01,723,783,0
8762231,282.05,723,781,0
8762241,283.66,723,783,0
8762251,286.42,723,781,0
8762261,290.28,723,783,0
8762271,294.57,723,781,0
8762281,299.20,723,783,0
8762291,303.55,723,781,0
8762301,307.93,723,783,0
8762311,311.72,723,781,0
8762321,315.11,723,783,0
8762331,317.65,723,781,0
8762341,319.72,723,783,0
8762351,321.09,723,781,0
8762361,322.09,723,783,0
8762371,322.54,723,781,0
8762381,323.40,723,783,0
8762391,325.55,723,781,0
8762401,331.13,723,783,0
8762412,341.93,723,781,0
8762422,361.03,723,783,0
8762432,390.20,723,781,0
8762442,429.57,723,783,0
8762452,475.47,723,781,0
8762462,524.79,723,783,0
8762481,574.18,743,782,0
8762484,620.71,743,784,0
8762493,660.83,743,781,0
8762503,692.08,743,783,0
8762513,713.96,743,781,0
8762523,729.31,743,783,0
8762533,740.06,743,781,0
8762543,747.63,743,783,0
8762553,752.93,743,781,0
8762563,756.68,743,783,0
8762573,759.30,743,781,0
8762583,761.18,743,783,0
8762593,759.93,743,781,0
8762603,753.14,743,783,0
8762613,738.52,743,781,0
8762624,715.31,743,783,0
8762633,683.20,743,781,0
8762643,642.51,743,783,0
8762653,593.59,743,781,0
8762663,540.14,743,783,0
8762673,485.88,743,781,0
8762683,434.75,743,783,0
8762693,388.67,743,781,0
8762703,349.72,743,783,0
8762713,318.52,743,781,0
8762723,296.08,743,783,0
8762733,281.96,743,781,0
8762743,276.18,743,783,0
8762753,277.03,743,781,0
8762763,284.01,743,783,0
8762773,294.93,743,781,0
8762783,309.01,743,783,0
8762793,324.09,743,781,0
8762803,339.54,743,783,0
8762813,353.13,743,781,0
8762823,364.75,743,783,0
8762833,373.10,743,781,0
8762843,378.60,743,783,0
8762853,380.56,743,781,0
8762863,379.71,743,783,0
8762873,375.51,743,781,0
8762883,369.31,743,783,0
8762893,360.99,743,781,0
8762903,351.91,743,783,0
8762913,341.69,743,781,0
8762924,331.54,743,783,0
8762934,321.27,743,781,0
8762944,311.89,743,783,0
8762954,303.18,743,781,0
8762964,295.97,743,783,0
8762974,289.55,743,781,0
8762984,284.88,743,783,0
8762994,281.28,743,781,0
8763004,279.61,743,783,0
8763014,279.04,743,781,0
8763024,279.84,743,783,0
8763034,281.39,743,781,0
8763044,284.19,743,783,0
8763054,287.35,743,781,0
8763064,291.27,743,783,0
8763074,294.96,743,781,0
8763084,298.87,743,783,0
8763095,302.42,743,781,0
8763105,306.03,743,783,0
8763115,309.06,743,781,0
8763125,311.96,743,783,0
8763136,314.33,743,781,0
8763145,316.71,743,783,0
8763155,318.73,743,781,0
8763165,321.12,743,783,0
8763175,323.92,743,781,0
8763185,328.57,743,783,0
8763195,336.11,743,781,0
8763205,349.11,743,783,0
8763215,369.48,743,781,0
8763225,399.50,743,783,0
8763235,438.78,743,781,0
8763245,484.15,743,783,0
8763265,532.27,783,782,0
8763268,580.58,783,782,0
8763277,625.58,783,782,0
8763287,664.49,783,782,0
8763297,694.73,783,782,0
8763308,715.90,783,782,0
8763318,730.76,783,782,0
8763328,741.16,783,782,0
8763338,748.44,783,782,0
8763348,753.54,783,782,0
8763358,757.06,783,782,0
8763368,759.53,783,782,0
8763378,761.26,783,782,0
8763388,758.65,783,782,0
8763398,749.58,783,782,0
8763408,732.09,783,782,0
8763418,705.32,783,782,0
8763428,669.10,783,782,0
8763438,624.11,783,782,0
8763448,571.11,783,782,0
8763458,514.97,783,782,0
8763468,459.57,783,782,0
8763479,408.53,783,783,0
8763489,364.48,783,782,0
8763499,329.28,783,783,0
8763509,303.48,783,781,0
8763520,287.52,783,783,0
8763529,280.85,783,782,0
8763539,282.52,783,783,0
8763549,290.90,783,781,0
8763559,304.30,783,783,0
8763569,320.62,783,782,0
8763579,338.18,783,783,0
8763589,355.18,783,781,0
8763599,370.51,783,783,0
8763609,382.96,783,782,0
8763619,392.10,783,783,0
8763629,397.30,783,781,0
8763639,398.88,783,783,0
8763649,396.90,783,782,0
8763659,392.00,783,782,0
8763669,384.67,783,782,0
8763679,375.81,783,783,0
8763689,365.67,783,781,0
8763699,355.27,783,782,0
8763709,344.77,783,782,0
8763719,334.90,783,783,0
8763729,325.80,783,782,0
8763739,317.76,783,783,0
8763749,310.63,783,781,0
8763759,304.83,783,783,0
8763769,300.08,783,782,0
8763779,296.67,783,782,0
8763789,294.28,783,782,0
8763799,293.04,783,783,0
8763809,292.56,783,781,0
8763820,293.08,783,783,0
8763830,294.17,783,781,0
8763840,296.05,783,783,0
8763850,298.13,783,781,0
8763860,300.66,783,783,0
8763870,302.99,783,781,0
8763880,305.52,783,783,0
8763890,307.51,783,781,0
8763900,309.46,783,783,0
8763910,310.69,783,781,0
8763920,311.73,783,783,0
8763930,312.28,783,781,0
8763940,312.97,783,783,0
8763950,313.96,783,781,0
8763960,316.67,783,782,0
8763970,322.43,783,781,0
8763980,334.21,783,783,0
8763991,353.99,783,781,0
8764001,384.38,783,783,0
8764011,424.77,783,781,0
8764021,471.68,783,783,0
8764032,521.96,783,781,0
8764050,572.50,786,780,0
8764053,619.67,786,781,0
8764062,660.52,786,783,0
8764072,691.95,786,781,0
8764082,713.95,786,783,0
8764092,729.35,786,781,0
8764102,740.13,786,783,0
8764112,747.68,786,781,0
8764122,752.92,786,783,0
8764132,756.54,786,781,0
8764142,759.08,786,783,0
8764152,757.38,786,781,0
8764162,749.51,786,783,0
8764172,733.29,786,781,0
8764182,707.92,786,783,0
8764192,673.05,786,781,0
8764203,629.32,786,783,0
8764212,577.46,786,781,0
8764222,522.20,786,783,0
8764232,466.86,786,781,0
8764242,415.47,786,783,0
8764252,370.24,786,781,0
8764262,333.31,786,783,0
8764272,305.15,786,781,0
8764282,286.55,786,783,0
8764292,276.78,786,781,0
8764302,275.73,786,783,0
8764312,281.60,786,781,0
8764322,293.42,786,783,0
8764332,308.77,786,781,0
8764342,326.49,786,783,0
8764352,344.22,786,781,0
8764362,360.95,786,783,0
8764372,374.77,786,781,0
8764382,385.55,786,783,0
8764392,392.03,786,781,0
8764402,394.81,786,783,0
8764412,393.41,786,781,0
8764422,388.91,786,783,0
8764432,381.44,786,781,0
8764442,372.22,786,783,0
8764452,361.27,786,781,0
8764462,350.00,786,783,0
8764472,338.34,786,781,0
8764482,327.40,786,783,0
8764492,316.91,786,781,0
8764503,307.81,786,783,0
8764513,299.72,786,781,0
8764523,293.38,786,783,0
8764533,288.25,786,781,0
8764544,285.00,786,783,0
8764553,282.90,786,781,0
8764563,282.46,786,783,0
8764573,282.75,786,781,0
8764583,284.24,786,783,0
8764593,286.05,786,781,0
8764603,288.48,786,783,0
8764613,290.78,786,781,0
8764623,293.42,786,783,0
8764633,295.69,786,781,0
8764643,298.01,786,783,0
8764653,299.77,786,781,0
8764663,301.42,786,783,0
8764673,302.50,786,781,0
8764683,303.46,786,783,0
8764693,303.58,786,781,0
8764703,303.49,786,783,0
8764713,302.92,786,781,0
8764723,302.64,786,783,0
8764733,302.75,786,780,0
8764743,304.92,786,783,0
8764753,310.43,786,781,0
8764763,322.00,786,783,0
8764773,341.50,786,781,0
8764783,371.82,786,783,0
8764793,412.68,786,781,0
8764803,460.60,786,783,0
8764822,511.89,772,782,0
8764825,563.48,772,783,0
8764834,612.02,772,782,0
8764844,654.49,772,783,0
8764854,687.64,772,781,0
8764864,710.85,772,783,0
8764874,727.09,772,781,0
8764884,738.47,772,783,0
8764894,746.43,772,781,0
8764904,752.00,772,783,0
8764914,755.90,772,782,0
8764924,758.63,772,783,0
8764934,759.94,772,781,0
8764944,756.49,772,783,0
8764954,745.37,772,781,0
8764964,725.33,772,783,0
8764974,695.70,772,781,0
8764984,656.66,772,783,0
8764994,608.51,772,781,0
8765004,553.03,772,783,0
8765015,494.99,772,781,0
8765025,439.19,772,783,0
8765035,388.52,772,781,0
8765045,345.64,772,782,0
8765056,311.76,772,782,0
8765065,287.92,772,783,0
8765075,273.88,772,781,0
8765085,269.38,772,782,0
8765095,272.99,772,782,0
8765105,283.28,772,783,0
8765115,298.07,772,782,0
8765125,315.75,772,782,0
8765135,334.29,772,782,0
8765145,352.42,772,783,0
8765155,368.41,772,782,0
8765165,381.49,772,783,0
8765175,390.81,772,782,0
8765185,396.48,772,783,0
8765195,398.09,772,781,0
8765205,396.22,772,782,0
8765215,391.10,772,782,0
8765225,383.61,772,782,0
8765235,374.21,772,782,0
8765245,363.91,772,782,0
8765255,352.84,772,782,0
8765265,342.00,772,782,0
8765275,331.67,772,782,0
8765285,322.17,772,783,0
8765295,313.50,772,782,0
8765305,305.94,772,782,0
8765315,299.40,772,782,0
8765325,294.27,772,783,0
8765335,290.20,772,782,0
8765345,287.48,772,782,0
8765356,285.88,772,782,0
8765366,285.66,772,782,0
8765376,286.53,772,782,0
8765386,288.56,772,782,0
8765396,291.31,772,782,0
8765406,294.99,772,782,0
8765416,299.06,772,782,0
8765426,303.63,772,782,0
8765436,308.24,772,782,0
8765446,312.84,772,782,0
8765456,316.96,772,782,0
8765466,320.53,772,782,0
8765476,323.20,772,782,0
8765486,325.07,772,782,0
8765496,325.99,772,782,0
8765506,326.29,772,782,0
8765516,326.81,772,782,0
8765527,329.01,772,782,0
8765537,334.88,772,782,0
8765547,346.87,772,782,0
8765557,367.69,772,783,0
8765568,399.50,772,782,0
8765577,440.66,772,783,0
8765587,487.65,772,782,0
8765606,537.30,784,781,0
8765609,586.41,784,782,0
8765618,631.71,784,783,0
8765628,669.90,784,781,0
8765638,698.43,784,783,0
8765648,718.40,784,781,0
8765658,732.38,784,783,0
8765668,742.17,784,781,0
8765678,749.02,784,783,0
8765688,753.81,784,781,0
8765698,757.17,784,783,0
8765708,759.52,784,782,0
8765718,759.02,784,783,0
8765728,752.24,784,781,0
8765739,737.34,784,783,0
8765748,713.32,784,781,0
8765758,680.06,784,783,0
8765768,637.61,784,781,0
8765778,587.03,784,783,0
8765788,531.52,784,782,0
8765798,476.25,784,783,0
8765808,424.62,784,781,0
8765818,379.60,784,783,0
8765828,342.74,784,781,0
8765838,315.47,784,783,0
8765848,297.80,784,781,0
8765858,289.68,784,783,0
8765868,289.86,784,782,0
8765878,297.32,784,783,0
8765888,309.91,784,781,0
8765898,326.26,784,783,0
8765908,344.14,784,781,0
8765918,362.23,784,783,0
8765928,378.62,784,781,0
8765938,392.62,784,783,0
8765948,402.97,784,781,0
8765958,409.75,784,783,0
8765968,412.31,784,781,0
8765978,411.28,784,783,0
8765988,406.57,784,781,0
8765998,399.24,784,783,0
8766008,389.57,784,781,0
8766018,378.68,784,783,0
8766028,366.82,784,781,0
8766039,355.09,784,783,0
8766049,343.70,784,781,0
8766059,333.55,784,783,0
8766069,324.56,784,781,0
8766080,317.32,784,783,0
8766089,311.61,784,781,0
8766099,307.83,784,783,0
8766109,305.31,784,781,0
8766119,304.40,784,783,0
8766129,304.37,784,781,0
8766139,305.37,784,783,0
8766149,306.72,784,781,0
8766159,308.73,784,783,0
8766169,310.65,784,781,0
8766179,312.99,784,783,0
8766189,315.00,784,781,0
8766199,317.27,784,783,0
8766209,319.16,784,781,0
8766219,321.09,784,783,0
8766229,322.43,784,781,0
8766239,323.76,784,783,0
8766249,324.65,784,781,0
8766259,325.91,784,783,0
8766269,327.69,784,781,0
8766279,331.77,784,783,0
8766289,339.47,784,781,0
8766299,353.13,784,783,0
8766309,374.52,784,781,0
8766319,406.08,784,783,0
8766329,446.47,784,781,0
8766339,492.44,784,783,0
8766349,540.65,784,781,0
8766368,588.24,762,780,0
8766371,632.18,762,782,0
8766380,669.80,762,783,0
8766390,698.36,762,781,0
8766400,718.35,762,783,0
8766410,732.35,762,781,0
8766420,742.14,762,783,0
8766430,749.00,762,781,0
8766440,753.80,762,783,0
8766450,757.16,762,781,0
8766460,758.44,762,783,0
8766470,754.84,762,781,0
8766480,744.43,762,783,0
8766490,725.40,762,781,0
8766500,697.55,762,783,0
8766510,661.13,762,781,0
8766520,616.90,762,783,0
8766530,566.49,762,781,0
8766540,514.57,762,783,0
8766551,464.39,762,781,0
8766561,419.83,762,783,0
8766571,382.34,762,781,0
8766581,353.44,762,783,0
8766592,333.16,762,781,0
8766601,322.27,762,783,0
8766611,319.49,762,781,0
8766621,324.40,762,783,0
8766631,334.78,762,781,0
8766641,349.55,762,783,0
8766651,366.27,762,781,0
8766661,383.84,762,783,0
8766671,400.05,762,781,0
8766681,414.22,762,783,0
8766691,424.78,762,781,0
8766701,431.83,762,783,0
8766711,434.67,762,781,0
8766721,434.00,762,783,0
8766731,429.71,762,781,0
8766741,422.94,762,783,0
8766751,413.74,762,781,0
8766761,403.36,762,783,0
8766771,391.85,762,781,0
8766781,380.37,762,783,0
8766791,368.77,762,781,0
8766801,358.08,762,783,0
8766811,347.90,762,781,0
8766821,339.19,762,783,0
8766831,331.67,762,781,0
8766841,326.07,762,783,0
8766851,321.85,762,780,0
8766861,319.71,762,783,0
8766871,318.90,762,781,0
8766881,319.96,762,783,0
8766892,321.94,762,781,0
8766902,324.92,762,783,0
8766912,328.07,762,781,0
8766922,331.52,762,783,0
8766932,334.49,762,781,0
8766942,337.34,762,783,0
8766952,339.43,762,781,0
8766962,341.36,762,783,0
8766972,343.05,762,781,0
8766982,345.56,762,783,0
8766992,349.55,762,781,0
8767002,357.27,762,783,0
8767012,370.35,762,781,0
8767022,391.29,762,783,0
8767032,421.46,762,781,0
8767042,460.23,762,783,0
8767052,504.14,762,781,0
8767063,550.55,762,783,0
8767073,596.16,762,782,0
8767083,638.24,762,783,0
8767102,674.00,734,781,0
8767106,701.34,734,782,0
8767115,720.48,734,782,0
8767125,733.88,734,782,0
8767135,743.26,734,782,0
8767145,749.82,734,782,0
8767155,754.42,734,782,0
8767165,757.64,734,782,0
8767175,759.85,734,782,0
8767185,757.83,734,782,0
8767195,749.57,734,782,0
8767205,733.50,734,782,0
8767215,708.84,734,782,0
8767225,675.54,734,782,0
8767235,634.41,734,782,0
8767245,586.03,734,782,0
8767255,535.02,734,782,0
8767265,485.09,734,782,0
8767276,439.50,734,782,0
8767286,400.57,734,781,0
8767296,369.80,734,782,0
8767306,347.66,734,782,0
8767316,334.65,734,782,0
8767326,330.04,734,782,0
8767336,332.77,734,782,0
8767346,341.24,734,782,0
8767356,353.98,734,783,0
8767366,369.03,734,782,0
8767376,384.62,734,783,0
8767386,399.01,734,782,0
8767396,411.26,734,783,0
8767406,420.44,734,782,0
8767416,426.09,734,783,0
8767426,427.69,734,782,0
8767436,425.64,734,783,0
8767447,420.18,734,781,0
8767457,412.28,734,783,0
8767467,402.43,734,781,0
8767477,391.41,734,783,0
8767488,379.63,734,781,0
8767497,368.21,734,783,0
8767507,357.39,734,782,0
8767517,347.97,734,783,0
8767527,339.58,734,781,0
8767537,332.85,734,783,0
8767547,327.54,734,782,0
8767557,323.99,734,783,0
8767567,321.64,734,781,0
8767577,320.63,734,783,0
8767587,320.31,734,782,0
8767597,320.91,734,783,0
8767607,321.70,734,781,0
8767617,322.82,734,783,0
8767627,323.82,734,781,0
8767637,324.99,734,783,0
8767647,326.06,734,781,0
8767657,328.02,734,783,0
8767667,331.31,734,781,0
8767677,337.90,734,783,0
8767687,349.33,734,781,0
8767697,368.22,734,783,0
8767707,395.62,734,781,0
8767717,433.24,734,783,0
8767727,477.22,734,781,0
8767737,524.77,734,783,0
8767747,572.58,734,781,0
8767757,617.92,734,783,0
8767767,657.59,734,781,0
8767777,689.73,734,783,0
8767797,712.31,695,782,0
8767800,728.12,695,784,0
8767809,739.18,695,781,0
8767819,746.93,695,783,0
8767830,752.35,695,781,0
8767839,756.19,695,783,0
8767849,756.60,695,781,0
8767859,751.45,695,783,0
8767869,738.80,695,781,0
8767879,718.25,695,783,0
8767889,689.20,695,781,0
8767899,652.03,695,783,0
8767909,606.93,695,781,0
8767919,557.45,695,783,0
8767929,506.75,695,781,0
8767939,458.61,695,783,0
8767949,414.67,695,781,0
8767959,377.27,695,783,0
8767969,347.10,695,781,0
8767979,325.56,695,783,0
8767989,311.98,695,781,0
8768000,306.80,695,783,0
8768009,308.32,695,781,0
8768019,316.02,695,783,0
8768029,327.93,695,781,0
8768039,342.99,695,783,0
8768049,358.90,695,781,0
8768059,374.87,695,783,0
8768069,388.88,695,781,0
8768079,400.79,695,783,0
8768089,409.17,695,781,0
8768099,414.13,695,783,0
8768109,414.99,695,781,0
8768119,412.59,695,783,0
8768129,406.76,695,781,0
8768139,398.77,695,783,0
8768149,388.51,695,781,0
8768159,377.34,695,783,0
8768169,365.24,695,781,0
8768179,353.51,695,783,0
8768189,341.96,695,781,0
8768199,331.64,695,783,0
8768209,322.11,695,781,0
8768219,314.32,695,783,0
8768229,307.84,695,781,0
8768239,303.30,695,783,0
8768249,300.12,695,781,0
8768259,298.76,695,783,0
8768269,298.32,695,781,0
8768279,299.29,695,783,0
8768289,300.83,695,781,0
8768300,303.37,695,783,0
8768310,306.39,695,781,0
8768320,310.64,695,783,0
8768330,316.28,695,781,0
8768340,325.32,695,783,0
8768350,338.55,695,781,0
8768360,358.70,695,783,0
8768370,386.99,695,781,0
8768380,425.31,695,783,0
8768390,469.96,695,781,0
8768400,518.14,695,783,0
8768410,566.49,695,781,0
8768420,612.71,695,783,0
8768430,653.56,695,781,0
8768440,686.77,695,783,0
8768450,710.24,695,781,0
8768460,726.71,695,783,0
8768480,738.24,683,782,0
8768483,746.31,683,784,0
8768492,751.96,683,782,0
8768502,755.92,683,783,0
8768513,757.61,683,782,0
8768523,754.30,683,782,0
8768533,743.80,683,782,0
8768543,724.96,683,782,0
8768553,697.20,683,782,0
8768563,660.92,683,783,0
8768573,616.50,683,782,0
8768583,565.78,683,782,0
8768593,512.92,683,782,0
8768603,461.73,683,782,0
8768613,414.80,683,782,0
8768623,374.53,683,782,0
8768633,341.80,683,782,0
8768643,317.56,683,782,0
8768653,302.01,683,782,0
8768663,295.06,683,782,0
8768673,295.60,683,782,0
8768684,302.75,683,782,0
8768694,314.65,683,782,0
8768704,329.67,683,782,0
8768714,346.18,683,782,0
8768724,362.46,683,781,0
8768734,377.11,683,782,0
8768744,389.25,683,782,0
8768754,397.91,683,782,0
8768764,402.65,683,782,0
8768774,403.53,683,782,0
8768784,400.59,683,782,0
8768794,394.67,683,782,0
8768804,386.11,683,782,0
8768814,375.75,683,782,0
8768824,364.25,683,782,0
8768834,352.48,683,782,0
8768844,340.98,683,782,0
8768855,330.27,683,782,0
8768865,320.50,683,781,0
8768875,312.42,683,783,0
8768885,305.74,683,781,0
8768896,300.93,683,783,0
8768905,297.78,683,782,0
8768915,296.39,683,783,0
8768925,296.44,683,781,0
8768935,297.94,683,783,0
8768945,300.14,683,782,0
8768955,303.06,683,783,0
8768965,306.08,683,781,0
8768975,309.36,683,783,0
8768985,312.51,683,782,0
8768995,315.96,683,783,0
8769005,319.87,683,781,0
8769015,325.69,683,783,0
8769025,334.66,683,782,0
8769035,349.12,683,783,0
8769045,370.94,683,781,0
8769055,402.29,683,783,0
8769065,442.53,683,781,0
8769075,488.44,683,783,0
8769085,536.65,683,782,0
8769095,584.58,683,783,0
8769105,628.98,683,782,0
8769115,667.13,683,783,0
8769134,696.49,654,782,0
8769137,717.04,654,783,0
8769146,731.43,654,781,0
8769156,741.50,654,783,0
8769166,748.55,654,781,0
8769176,753.49,654,783,0
8769186,756.51,654,781,0
8769196,755.20,654,783,0
8769206,747.21,654,781,0
8769216,731.38,654,783,0
8769226,706.66,654,781,0
8769236,673.34,654,783,0
8769246,631.71,654,781,0
8769256,583.07,654,783,0
8769266,530.93,654,781,0
8769276,479.48,654,783,0
8769286,431.08,654,781,0
8769296,388.46,654,783,0
8769306,352.58,654,781,0
8769316,324.67,654,783,0
8769326,304.76,654,781,0
8769336,293.26,654,783,0
8769346,289.15,654,781,0
8769356,292.06,654,783,0
8769367,300.36,654,781,0
8769377,313.02,654,783,0
8769387,328.02,654,781,0
8769397,344.30,654,783,0
8769408,359.94,654,781,0
8769417,374.14,654,783,0
8769427,385.41,654,781,0
8769437,393.60,654,783,0
8769447,397.75,654,781,0
8769457,398.43,654,783,0
8769467,395.34,654,781,0
8769477,389.58,654,783,0
8769487,381.01,654,781,0
8769497,371.02,654,782,0
8769507,359.70,654,781,0
8769517,348.43,654,783,0
8769527,337.03,654,781,0
8769537,326.61,654,782,0
8769547,317.00,654,781,0
8769557,309.20,654,783,0
8769567,302.62,654,781,0
8769577,298.02,654,783,0
8769587,294.84,654,781,0
8769597,293.65,654,783,0
8769607,293.58,654,781,0
8769617,294.95,654,783,0
8769627,296.72,654,781,0
8769637,299.29,654,783,0
8769647,301.82,654,781,0
8769657,304.70,654,783,0
8769667,307.28,654,781,0
8769677,309.98,654,783,0
8769687,312.09,654,781,0
8769697,314.37,654,783,0
8769708,316.45,654,781,0
8769718,319.57,654,783,0
8769728,323.77,654,781,0
8769738,331.21,654,783,0
8769748,343.62,654,781,0
8769758,363.58,654,783,0
8769768,392.50,654,781,0
8769778,431.57,654,783,0
8769788,476.65,654,781,0
8769798,525.19,654,783,0
8769808,573.77,654,781,0
8769818,619.44,654,783,0
8769838,659.25,703,782,0
8769841,690.98,703,783,0
8769850,713.18,703,781,0
8769860,728.73,703,783,0
8769870,739.61,703,782,0
8769880,747.23,703,783,0
8769890,752.56,703,781,0
8769900,756.29,703,783,0
8769910,755.86,703,782,0
8769921,749.22,703,783,0
8769931,734.71,703,782,0
8769941,711.70,703,782,0
8769951,679.94,703,782,0
8769961,639.85,703,782,0
8769971,592.19,703,782,0
8769981,540.96,703,783,0
8769991,489.37,703,782,0
8770001,440.66,703,782,0
8770011,396.75,703,781,0
8770021,359.50,703,782,0
8770031,329.60,703,782,0
8770041,307.61,703,782,0
8770051,293.20,703,782,0
8770061,286.45,703,782,0
8770071,286.36,703,782,0
8770081,292.08,703,782,0
8770092,301.96,703,782,0
8770102,314.83,703,782,0
8770112,328.94,703,782,0
8770122,343.14,703,782,0
8770132,356.00,703,782,0
8770142,366.67,703,782,0
8770152,374.27,703,782,0
8770162,378.52,703,782,0
8770172,379.26,703,782,0
8770182,376.83,703,782,0
8770192,371.56,703,782,0
8770202,363.98,703,782,0
8770212,354.60,703,782,0
8770222,344.22,703,782,0
8770232,333.31,703,782,0
8770242,322.42,703,782,0
8770252,311.88,703,782,0
8770263,302.19,703,782,0
8770273,293.60,703,782,0
8770283,286.44,703,782,0
8770293,280.73,703,782,0
8770304,276.66,703,782,0
8770313,274.19,703,782,0
8770323,273.23,703,782,0
8770333,273.68,703,782,0
8770343,275.06,703,781,0
8770353,277.23,703,782,0
8770363,280.12,703,782,0
8770373,283.68,703,782,0
8770383,287.51,703,781,0
8770393,291.68,703,782,0
8770403,295.81,703,782,0
8770413,300.02,703,782,0
8770423,303.83,703,782,0
8770433,307.05,703,782,0
8770443,309.61,703,782,0
8770453,311.87,703,782,0
8770463,314.31,703,782,0
8770473,318.46,703,782,0
8770483,325.99,703,782,0
8770493,339.54,703,782,0
8770503,361.49,703,782,0
8770513,393.91,703,782,0
8770523,435.64,703,782,0
8770533,483.15,703,783,0
8770543,533.12,703,782,0
8770563,582.58,725,781,0
8770566,628.27,725,782,0
8770575,667.10,725,783,0
8770585,696.47,725,781,0
8770595,717.03,725,783,0
8770605,731.42,725,782,0
8770615,741.49,725,783,0
8770625,748.55,725,781,0
8770635,753.48,725,783,0
8770646,756.94,725,781,0
8770655,759.36,725,783,0
8770665,756.85,725,781,0
8770675,747.42,725,783,0
8770685,729.30,725,781,0
8770695,702.55,725,783,0
8770705,666.73,725,781,0
8770715,622.32,725,783,0
8770725,569.86,725,781,0
8770735,515.04,725,783,0
8770745,461.16,725,781,0
8770755,411.74,725,783,0
8770765,367.93,725,781,0
8770775,331.82,725,783,0
8770785,303.93,725,781,0
8770795,285.14,725,783,0
8770805,274.43,725,781,0
8770816,271.64,725,783,0
8770825,275.01,725,781,0
8770835,283.70,725,783,0
8770845,295.75,725,781,0
8770855,310.18,725,783,0
8770865,324.87,725,781,0
8770875,339.05,725,783,0
8770885,350.99,725,781,0
8770895,360.55,725,783,0
8770905,366.73,725,781,0
8770915,369.85,725,783,0
8770925,369.55,725,781,0
8770935,366.56,725,783,0
8770945,360.78,725,781,0
8770955,353.22,725,783,0
8770965,344.02,725,781,0
8770975,334.33,725,783,0
8770985,324.12,725,781,0
8770995,314.22,725,783,0
8771005,304.69,725,781,0
8771015,296.42,725,783,0
8771025,289.10,725,781,0
8771035,283.58,725,783,0
8771045,279.29,725,781,0
8771055,276.80,725,783,0
8771065,275.62,725,781,0
8771075,276.12,725,783,0
8771085,277.54,725,781,0
8771095,280.38,725,783,0
8771105,283.57,725,781,0
8771116,287.55,725,783,0
8771126,291.54,725,781,0
8771136,295.84,725,783,0
8771146,299.70,725,781,0
8771156,303.48,725,783,0
8771166,306.46,725,781,0
8771176,309.24,725,783,0
8771186,311.09,725,781,0
8771196,312.65,725,783,0
8771206,313.27,725,780,0
8771216,313.75,725,783,0
8771226,314.04,725,781,0
8771236,315.70,725,783,0
8771246,319.35,725,781,0
8771256,327.90,725,783,0
8771266,343.27,725,781,0
8771276,368.69,725,783,0
8771287,405.25,725,781,0
8771297,449.96,725,783,0
8771307,499.13,725,781,0
8771326,550.18,764,780,0
8771330,599.37,764,782,0
8771339,643.66,764,783,0
8771349,679.59,764,782,0
8771359,705.21,764,783,0
8771369,723.15,764,781,0
8771379,735.70,764,783,0
8771389,744.49,764,781,0
8771399,750.64,764,783,0
8771409,754.95,764,781,0
8771419,757.97,764,783,0
8771429,760.08,764,781,0
8771439,759.07,764,783,0
8771449,751.85,764,781,0
8771459,737.11,764,783,0
8771469,713.46,764,781,0
8771479,680.79,764,783,0
8771489,639.07,764,781,0
8771500,589.12,764,783,0
8771510,534.31,764,782,0
8771520,479.40,764,782,0
8771530,427.21,764,782,0
8771540,381.08,764,782,0
8771550,342.44,764,782,0
8771560,312.82,764,782,0
8771570,292.39,764,782,0
8771580,281.30,764,782,0
8771590,278.30,764,782,0
8771600,282.54,764,782,0
8771610,291.89,764,782,0
8771620,305.08,764,782,0
8771630,320.06,764,782,0
8771640,335.42,764,782,0
8771650,349.44,764,782,0
8771660,361.44,764,783,0
8771671,370.35,764,782,0
8771681,375.94,764,782,0
8771691,377.85,764,782,0
8771701,376.44,764,782,0
8771712,372.06,764,782,0
8771721,365.53,764,782,0
8771731,357.31,764,782,0
8771741,348.00,764,782,0
8771751,338.32,764,782,0
8771761,329.01,764,782,0
8771771,320.52,764,782,0
8771781,313.08,764,782,0
8771791,306.63,764,782,0
8771801,301.47,764,782,0
8771811,297.68,764,782,0
8771821,295.29,764,782,0
8771831,294.18,764,782,0
8771841,294.17,764,782,0
8771851,295.10,764,782,0
8771861,297.04,764,782,0
8771871,299.60,764,782,0
8771881,302.59,764,782,0
8771891,305.76,764,782,0
8771901,308.83,764,782,0
8771911,311.71,764,782,0
8771921,314.24,764,782,0
8771931,316.35,764,782,0
8771941,318.00,764,782,0
8771951,319.12,764,782,0
8771961,319.47,764,782,0
8771971,319.16,764,782,0
8771981,318.25,764,782,0
8771991,316.81,764,782,0
8772001,314.76,764,782,0
8772012,312.39,764,782,0
8772022,310.26,764,782,0
8772032,309.75,764,783,0
8772042,312.40,764,781,0
8772052,320.55,764,783,0
8772062,336.37,764,782,0
8772072,362.70,764,783,0
8772082,401.06,764,782,0
8772102,447.54,775,780,0
8772105,498.55,775,782,0
8772114,550.76,775,783,0
8772124,600.59,775,781,0
8772134,645.15,775,783,0
8772144,681.07,775,781,0
8772154,706.25,775,783,0
8772164,723.87,775,781,0
8772174,736.21,775,783,0
8772184,744.85,775,781,0
8772194,750.89,775,783,0
8772204,755.13,775,781,0
8772214,758.09,775,783,0
8772225,760.16,775,781,0
8772235,761.61,775,783,0
8772245,760.40,775,781,0
8772255,753.72,775,783,0
8772265,739.06,775,781,0
8772275,715.94,775,783,0
8772285,683.65,775,781,0
8772295,642.78,775,783,0
8772305,593.69,775,780,0
8772315,540.17,775,783,0
8772325,486.12,775,781,0
8772335,435.94,775,783,0
8772345,391.39,775,781,0
8772355,354.88,775,783,0
8772365,326.85,775,781,0
8772375,308.38,775,783,0
8772385,298.32,775,781,0
8772396,296.51,775,783,0
8772406,300.94,775,781,0
8772416,310.77,775,783,0
8772426,323.70,775,781,0
8772436,338.58,775,783,0
8772446,353.15,775,781,0
8772456,366.60,775,783,0
8772466,377.26,775,781,0
8772476,385.20,775,783,0
8772486,389.30,775,781,0
8772496,390.15,775,783,0
8772506,387.32,775,781,0
8772516,381.78,775,783,0
8772526,373.66,775,781,0
8772536,364.08,775,783,0
8772546,353.04,775,781,0
8772556,341.67,775,783,0
8772567,329.94,775,781,0
8772577,318.99,775,783,0
8772587,308.66,775,781,0
8772597,299.72,775,783,0
8772608,292.05,775,781,0
8772617,286.20,775,783,0
8772627,281.81,775,781,0
8772637,279.34,775,783,0
8772647,278.12,775,781,0
8772657,278.47,775,783,0
8772667,279.70,775,781,0
8772677,281.98,775,783,0
8772687,284.60,775,781,0
8772697,287.85,775,783,0
8772707,290.98,775,781,0
8772717,294.29,775,783,0
8772727,297.20,775,781,0
8772737,300.14,775,783,0
8772747,302.46,775,781,0
8772757,304.50,775,783,0
8772767,305.68,775,781,0
8772777,306.51,775,783,0
8772787,306.57,775,781,0
8772797,306.31,775,783,0
8772807,305.45,775,781,0
8772817,304.84,775,783,0
8772827,304.89,775,781,0
8772837,307.32,775,783,0
8772847,313.70,775,781,0
8772857,327.03,775,783,0
8772867,349.01,775,781,0
8772877,382.65,775,783,0
8772887,425.74,775,781,0
8772897,474.93,775,783,0
8772917,526.77,816,782,0
8772920,578.09,816,783,0
8772929,625.12,816,782,0
8772939,665.29,816,782,0
8772950,695.16,816,782,0
8772959,716.11,816,782,0
8772969,730.78,816,782,0
8772979,741.04,816,782,0
8772989,748.23,816,782,0
8772999,753.26,816,782,0
8773009,756.78,816,782,0
8773019,759.25,816,782,0
8773029,760.97,816,782,0
8773039,762.18,816,782,0
8773049,763.03,816,782,0
8773059,760.79,816,782,0
8773069,752.28,816,782,0
8773079,735.87,816,782,0
8773089,710.37,816,782,0
8773099,675.67,816,782,0
8773109,632.18,816,782,0
8773120,580.96,816,782,0
8773129,526.28,816,782,0
8773139,473.01,816,782,0
8773149,424.28,816,782,0
8773159,382.84,816,782,0
8773169,349.97,816,782,0
8773179,326.50,816,782,0
8773189,312.16,816,782,0
8773199,306.28,816,782,0
8773209,307.36,816,782,0
8773219,314.02,816,782,0
8773229,324.47,816,782,0
8773239,337.19,816,782,0
8773249,350.42,816,782,0
8773259,362.89,816,782,0
8773269,373.21,816,782,0
8773279,380.73,816,782,0
8773289,384.84,816,782,0
8773299,385.57,816,783,0
8773309,382.87,816,782,0
8773319,377.25,816,782,0
8773329,369.04,816,782,0
8773339,359.08,816,782,0
8773349,347.96,816,782,0
8773359,336.48,816,782,0
8773369,325.07,816,782,0
8773379,314.50,816,783,0
8773389,304.97,816,782,0
8773399,296.88,816,782,0
8773409,290.31,816,782,0
8773420,285.51,816,782,0
8773430,282.31,816,782,0
8773440,280.63,816,782,0
8773450,280.31,816,783,0
8773460,281.21,816,782,0
8773470,283.20,816,782,0
8773480,285.93,816,782,0
8773490,289.16,816,783,0
8773500,292.63,816,782,0
8773510,296.43,816,782,0
8773520,300.24,816,782,0
8773530,303.94,816,783,0
8773540,307.26,816,782,0
8773550,310.22,816,782,0
8773560,312.77,816,782,0
8773570,314.90,816,782,0
8773580,316.43,816,782,0
8773591,317.37,816,783,0
8773601,317.82,816,782,0
8773611,317.91,816,783,0
8773621,317.68,816,782,0
8773632,317.69,816,783,0
8773641,318.73,816,782,0
8773651,322.37,816,783,0
8773661,330.66,816,782,0
8773671,346.57,816,783,0
8773681,372.16,816,782,0
8773691,409.40,816,783,0
8773701,454.32,816,782,0
8773721,503.85,803,780,0
8773724,554.73,803,782,0
8773733,603.79,803,783,0
8773743,647.31,803,781,0
8773753,682.62,803,783,0
8773763,707.33,803,781,0
8773773,724.63,803,783,0
8773783,736.74,803,781,0
8773793,745.22,803,783,0
8773804,751.15,803,781,0
8773814,755.31,803,783,0
8773824,758.22,803,781,0
8773834,760.25,803,783,0
8773844,761.68,803,781,0
8773854,762.67,803,783,0
8773864,763.37,803,781,0
8773874,761.50,803,783,0
8773884,753.25,803,781,0
8773894,737.15,803,783,0
8773904,711.65,803,781,0
8773914,676.82,803,783,0
8773924,632.91,803,781,0
8773934,581.42,803,783,0
8773944,525.75,803,781,0
8773954,471.48,803,783,0
8773964,421.37,803,781,0
8773975,378.87,803,783,0
8773985,345.14,803,781,0
8773995,321.31,803,783,0
8774005,306.39,803,781,0
8774016,300.36,803,783,0
8774025,301.45,803,781,0
8774035,308.82,803,783,0
8774045,319.97,803,781,0
8774055,333.57,803,782,0
8774065,347.41,803,781,0
8774075,360.83,803,783,0
8774085,371.98,803,781,0
8774095,380.64,803,783,0
8774105,385.76,803,781,0
8774115,387.85,803,783,0
8774125,386.48,803,781,0
8774135,382.56,803,783,0
8774145,375.97,803,781,0
8774155,367.79,803,783,0
8774165,357.91,803,781,0
8774175,347.48,803,783,0
8774185,336.58,803,781,0
8774195,326.33,803,783,0
8774205,316.46,803,781,0
8774215,307.80,803,783,0
8774225,299.89,803,781,0
8774235,293.79,803,783,0
8774245,288.88,803,781,0
8774255,285.75,803,783,0
8774265,283.55,803,781,0
8774275,283.00,803,783,0
8774285,283.26,803,781,0
8774295,284.89,803,783,0
8774305,287.07,803,782,0
8774316,290.18,803,783,0
8774326,293.38,803,781,0
8774336,297.17,803,783,0
8774346,300.76,803,782,0
8774356,304.60,803,783,0
8774366,308.02,803,781,0
8774376,311.32,803,783,0
8774386,313.92,803,782,0
8774396,316.17,803,783,0
8774406,317.58,803,781,0
8774416,318.78,803,783,0
8774426,319.74,803,782,0
8774436,322.01,803,783,0
8774446,326.68,803,781,0
8774456,336.67,803,783,0
8774466,354.39,803,782,0
8774476,382.98,803,783,0
8774487,421.95,803,782,0
8774497,467.99,803,783,0
8774507,517.66,803,782,0
8774526,568.21,806,781,0
8774530,615.93,806,783,0
8774539,657.61,806,782,0
8774549,689.83,806,783,0
8774559,712.38,806,782,0
8774569,728.16,806,783,0
8774579,739.22,806,782,0
8774589,746.95,806,782,0
8774599,752.37,806,782,0
8774609,756.16,806,782,0
8774619,758.81,806,782,0
8774629,760.67,806,782,0
8774639,761.97,806,782,0
8774649,762.88,806,783,0
8774659,761.63,806,782,0
8774669,754.88,806,782,0
8774679,740.22,806,782,0
8774689,716.50,806,782,0
8774700,683.39,806,782,0
8774710,641.49,806,783,0
8774720,591.50,806,782,0
8774730,536.83,806,783,0
8774740,482.28,806,781,0
8774750,432.14,806,782,0
8774760,388.90,806,782,0
8774770,354.52,806,783,0
8774780,329.29,806,781,0
8774790,313.52,806,782,0
8774800,306.12,806,782,0
8774810,306.21,806,783,0
8774820,311.93,806,781,0
8774830,321.81,806,782,0
8774840,333.82,806,782,0
8774850,346.78,806,783,0
8774860,358.97,806,781,0
8774871,369.48,806,782,0
8774881,377.09,806,781,0
8774891,381.74,806,783,0
8774901,382.97,806,781,0
8774912,381.14,806,783,0
8774921,376.34,806,781,0
8774931,369.38,806,783,0
8774941,360.52,806,781,0
8774951,350.90,806,782,0
8774961,340.56,806,781,0
8774971,330.57,806,783,0
8774981,320.84,806,781,0
8774991,312.19,806,783,0
8775001,304.63,806,781,0
8775011,298.87,806,783,0
8775021,294.54,806,781,0
8775031,292.15,806,783,0
8775041,291.12,806,781,0
8775051,291.90,806,783,0
8775061,293.69,806,781,0
8775071,296.61,806,783,0
8775081,299.90,806,781,0
8775091,303.74,806,783,0
8775101,307.33,806,781,0
8775111,311.01,806,783,0
8775121,314.09,806,781,0
8775131,317.02,806,783,0
8775141,319.03,806,781,0
8775151,320.65,806,783,0
8775161,321.23,806,781,0
8775171,321.41,806,783,0
8775181,320.69,806,781,0
8775191,319.75,806,783,0
8775201,318.54,806,781,0
8775212,318.72,806,783,0
8775222,321.42,806,781,0
8775232,329.57,806,783,0
8775242,345.30,806,781,0
8775252,371.91,806,783,0
8775262,409.86,806,781,0
8775272,455.68,806,783,0
8775282,505.83,806,781,0
8775302,557.31,775,780,0
8775305,606.46,775,781,0
8775314,650.04,775,783,0
8775324,684.48,775,781,0
8775334,708.64,775,783,0
8775344,725.55,775,781,0
8775354,737.38,775,783,0
8775364,745.67,775,781,0
8775374,751.47,775,783,0
8775384,755.53,775,781,0
8775394,758.37,775,783,0
8775404,760.36,775,782,0
8775414,761.75,775,783,0
8775425,762.73,775,781,0
8775435,763.41,775,783,0
8775445,759.69,775,782,0
8775455,749.11,775,783,0
8775465,729.70,775,781,0
8775475,701.46,775,783,0
8775485,664.08,775,782,0
8775495,618.54,775,783,0
8775505,565.62,775,781,0
8775515,511.35,775,783,0
8775525,459.39,775,781,0
8775535,413.63,775,783,0
8775545,375.30,775,781,0
8775555,346.15,775,783,0
8775565,326.01,775,781,0
8775575,315.12,775,783,0
8775585,311.83,775,781,0
8775596,315.35,775,783,0
8775606,323.56,775,782,0
8775616,335.18,775,783,0
8775626,348.15,775,782,0
8775636,361.31,775,782,0
8775646,372.91,775,781,0
8775656,382.41,775,783,0
8775666,388.80,775,782,0
8775676,391.99,775,782,0
8775686,391.74,775,782,0
8775696,388.56,775,783,0
8775706,382.52,775,782,0
8775716,374.52,775,783,0
8775726,364.81,775,781,0
8775736,354.45,775,783,0
8775746,343.82,775,782,0
8775756,333.67,775,783,0
8775767,324.13,775,782,0
8775777,315.90,775,782,0
8775787,308.90,775,782,0
8775797,303.58,775,782,0
8775808,299.50,775,782,0
8775817,296.99,775,782,0
8775827,295.58,775,782,0
8775837,295.36,775,782,0
8775847,296.03,775,782,0
8775857,297.52,775,783,0
8775867,299.51,775,782,0
8775877,301.97,775,782,0
8775887,304.51,775,782,0
8775897,307.14,775,782,0
8775907,309.63,775,782,0
8775917,312.10,775,782,0
8775927,314.30,775,782,0
8775937,316.35,775,782,0
8775947,318.04,775,782,0
8775957,319.40,775,782,0
8775967,320.31,775,782,0
8775977,320.82,775,782,0
8775987,320.79,775,782,0
8775997,320.98,775,782,0
8776007,322.40,775,782,0
8776017,327.08,775,782,0
8776027,337.13,775,782,0
8776037,355.43,775,782,0
8776047,384.83,775,782,0
8776057,424.65,775,782,0
8776067,471.26,775,782,0
8776086,521.41,785,781,0
8776089,571.81,785,782,0
8776098,619.31,785,782,0
8776108,660.40,785,783,0
8776118,691.83,785,782,0
8776128,713.82,785,783,0
8776138,729.22,785,782,0
8776148,740.00,785,783,0
8776158,747.50,785,782,0
8776168,752.75,785,782,0
8776178,756.42,785,782,0
8776188,759.00,785,783,0
8776198,760.80,785,782,0
8776208,762.06,785,782,0
8776218,762.94,785,782,0
8776228,763.56,785,783,0
8776238,763.99,785,782,0
8776248,760.39,785,782,0
8776258,749.82,785,782,0
8776268,730.72,785,782,0
8776279,702.22,785,781,0
8776289,664.82,785,783,0
8776299,619.36,785,782,0
8776309,567.22,785,783,0
8776320,513.59,785,781,0
8776329,463.35,785,783,0
8776339,419.45,785,782,0
8776349,384.21,785,783,0
8776359,358.05,785,781,0
8776369,341.02,785,783,0
8776379,332.19,785,781,0
8776389,330.59,785,783,0
8776399,334.18,785,781,0
8776409,341.54,785,783,0
8776419,350.85,785,781,0
8776429,361.01,785,783,0
8776439,370.48,785,781,0
8776449,378.39,785,783,0
8776459,383.72,785,781,0
8776469,386.46,785,783,0
8776479,386.32,785,781,0
8776489,383.78,785,783,0
8776499,378.66,785,781,0
8776509,371.91,785,783,0
8776519,363.71,785,781,0
8776529,355.09,785,783,0
8776539,346.15,785,781,0
8776549,337.62,785,783,0
8776559,329.33,785,781,0
8776569,322.03,785,783,0
8776579,315.60,785,781,0
8776589,310.53,785,783,0
8776599,306.60,785,781,0
8776609,304.11,785,783,0
8776620,302.62,785,781,0
8776630,302.52,785,783,0
8776640,303.31,785,781,0
8776650,305.10,785,783,0
8776660,307.34,785,781,0
8776670,310.28,785,783,0
8776680,313.33,785,781,0
8776690,316.83,785,783,0
8776700,320.01,785,781,0
8776710,323.35,785,783,0
8776720,326.20,785,781,0
8776730,328.97,785,783,0
8776740,330.86,785,781,0
8776750,332.53,785,783,0
8776760,333.36,785,781,0
8776770,334.11,785,783,0
8776780,334.59,785,781,0
8776791,336.38,785,783,0
8776801,340.73,785,781,0
8776811,350.54,785,783,0
8776821,367.73,785,781,0
8776832,395.54,785,783,0
8776841,433.39,785,781,0
8776851,478.10,785,783,0
8776870,526.33,784,782,0
8776873,575.22,784,784,0
8776882,621.27,784,781,0
8776892,661.51,784,783,0
8776902,692.56,784,781,0
8776912,714.29,784,783,0
8776922,729.50,784,781,0
8776932,740.15,784,783,0
8776942,747.61,784,781,0
8776952,752.83,784,783,0
8776962,756.48,784,781,0
8776972,759.03,784,783,0
8776982,760.82,784,781,0
8776992,762.08,784,783,0
8777003,762.95,784,781,0
8777012,763.57,784,783,0
8777022,762.33,784,781,0
8777032,756.19,784,783,0
8777042,742.59,784,781,0
8777052,720.94,784,783,0
8777062,690.53,784,781,0
8777072,651.97,784,783,0
8777082,605.78,784,781,0
8777092,555.19,784,783,0
8777102,504.30,784,781,0
8777112,457.63,784,783,0
8777122,416.77,784,781,0
8777132,384.05,784,783,0
8777142,359.52,784,781,0
8777152,343.89,784,783,0
8777162,335.70,784,781,0
8777172,334.59,784,783,0
8777182,338.23,784,781,0
8777192,345.79,784,783,0
8777202,355.02,784,781,0
8777212,365.09,784,783,0
8777222,374.10,784,781,0
8777232,381.83,784,783,0
8777242,386.81,784,781,0
8777252,389.40,784,783,0
8777262,388.81,784,781,0
8777272,385.78,784,783,0
8777282,380.14,784,781,0
8777292,372.86,784,783,0
8777303,363.82,784,781,0
8777313,354.27,784,783,0
8777323,344.20,784,781,0
8777333,334.71,784,783,0
8777344,325.71,784,781,0
8777353,318.09,784,783,0
8777363,311.42,784,781,0
8777373,306.58,784,783,0
8777383,302.98,784,781,0
8777393,301.18,784,783,0
8777403,300.53,784,781,0
8777413,301.36,784,783,0
8777423,302.88,784,781,0
8777433,305.66,784,783,0
8777443,308.80,784,781,0
8777453,312.63,784,783,0
8777463,316.30,784,781,0
8777473,320.20,784,783,0
8777483,323.61,784,781,0
8777493,326.94,784,783,0
8777503,329.32,784,781,0
8777513,331.15,784,783,0
8777523,331.92,784,781,0
8777533,332.29,784,783,0
8777543,331.64,784,781,0
8777553,331.19,784,783,0
8777563,330.96,784,781,0
8777573,333.20,784,783,0
8777583,339.40,784,781,0
8777593,352.61,784,783,0
8777603,374.33,784,781,0
8777613,407.57,784,783,0
8777623,449.27,784,782,0
8777633,496.63,784,783,0
8777653,545.99,783,782,0
8777656,594.42,783,783,0
8777665,638.31,783,782,0
8777675,675.24,783,783,0
8777686,702.17,783,782,0
8777695,721.06,783,783,0
8777705,734.29,783,782,0
8777715,743.54,783,782,0
8777725,750.02,783,782,0
8777735,754.56,783,783,0
8777745,757.73,783,782,0
8777755,759.96,783,783,0
8777765,761.47,783,782,0
8777775,762.53,783,783,0
8777785,762.88,783,782,0
8777795,759.02,783,783,0
8777805,748.17,783,782,0
8777815,729.35,783,783,0
8777825,701.47,783,782,0
8777835,664.82,783,782,0
8777845,619.83,783,782,0
8777856,568.11,783,782,0
8777865,514.46,783,782,0
8777875,463.37,783,782,0
8777885,417.27,783,782,0
8777895,378.75,783,782,0
8777905,348.61,783,782,0
8777915,327.55,783,782,0
8777925,315.00,783,782,0
8777935,310.29,783,782,0
8777945,311.79,783,782,0
8777955,318.19,783,782,0
8777965,327.65,783,781,0
8777975,338.90,783,782,0
8777985,350.20,783,782,0
8777995,360.68,783,782,0
8778005,369.05,783,782,0
8778015,375.03,783,782,0
8778025,377.98,783,782,0
8778035,378.24,783,782,0
8778045,375.60,783,782,0
8778055,370.66,783,782,0
8778065,363.61,783,782,0
8778075,355.32,783,782,0
8778085,346.01,783,782,0
8778095,336.49,783,782,0
8778105,326.96,783,782,0
8778115,318.19,783,782,0
8778125,310.25,783,782,0
8778135,303.79,783,782,0
8778145,298.84,783,782,0
8778156,295.80,783,782,0
8778166,294.62,783,782,0
8778176,295.29,783,782,0
8778186,297.56,783,782,0
8778196,301.25,783,782,0
8778206,305.72,783,782,0
8778216,310.64,783,782,0
8778226,315.47,783,782,0
8778236,319.74,783,782,0
8778246,323.16,783,782,0
8778256,325.51,783,782,0
8778266,326.77,783,782,0
8778276,326.97,783,782,0
8778286,326.34,783,782,0
8778296,325.08,783,782,0
8778306,323.68,783,782,0
8778316,322.66,783,782,0
8778327,323.06,783,782,0
8778337,326.22,783,782,0
8778347,334.25,783,783,0
8778357,349.30,783,782,0
8778368,374.03,783,783,0
8778377,409.51,783,782,0
8778387,453.11,783,783,0
8778397,501.38,783,782,0
8778417,551.32,763,780,0
8778420,599.61,763,782,0
8778429,643.18,763,783,0
8778439,678.79,763,781,0
8778449,704.65,763,783,0
8778459,722.76,763,782,0
8778469,735.43,763,783,0
8778479,744.30,763,781,0
8778489,750.51,763,783,0
8778499,754.86,763,781,0
8778509,757.90,763,783,0
8778519,760.03,763,781,0
8778529,761.52,763,783,0
8778540,762.56,763,781,0
8778550,760.21,763,783,0
8778560,751.45,763,781,0
8778570,734.77,763,783,0
8778580,708.82,763,781,0
8778590,674.16,763,783,0
8778600,630.83,763,781,0
8778610,579.75,763,783,0
8778620,525.01,763,781,0
8778630,471.52,763,783,0
8778640,422.25,763,781,0
8778650,380.60,763,783,0
8778660,346.99,763,781,0
8778670,322.87,763,783,0
8778680,307.65,763,781,0
8778690,301.24,763,783,0
8778700,301.81,763,781,0
8778711,308.38,763,783,0
8778721,318.34,763,781,0
8778731,330.71,763,783,0
8778741,343.05,763,781,0
8778752,354.87,763,783,0
8778761,364.33,763,781,0
8778771,371.39,763,783,0
8778781,374.87,763,781,0
8778791,375.43,763,783,0
8778801,372.68,763,781,0
8778811,367.89,763,783,0
8778821,361.03,763,781,0
8778831,353.47,763,783,0
8778841,345.19,763,781,0
8778851,337.38,763,783,0
8778861,329.72,763,781,0
8778871,323.25,763,783,0
8778881,317.52,763,781,0
8778891,313.20,763,783,0
8778901,309.59,763,781,0
8778911,307.35,763,783,0
8778921,305.75,763,781,0
8778931,305.57,763,783,0
8778941,305.78,763,781,0
8778951,306.96,763,783,0
8778961,308.34,763,781,0
8778971,310.56,763,783,0
8778981,312.75,763,781,0
8778991,315.52,763,783,0
8779001,317.94,763,781,0
8779011,320.61,763,783,0
8779021,322.74,763,781,0
8779031,324.83,763,783,0
8779041,325.91,763,781,0
8779052,326.62,763,783,0
8779062,326.48,763,781,0
8779072,326.46,763,783,0
8779082,326.88,763,781,0
8779092,329.79,763,783,0
8779102,336.15,763,781,0
8779112,349.22,763,783,0
8779122,370.80,763,781,0
8779132,403.60,763,783,0
8779142,445.21,763,781,0
8779152,492.37,763,783,0
8779171,541.55,755,782,0
8779174,590.24,755,783,0
8779183,634.83,755,781,0
8779193,672.51,755,783,0
8779203,700.30,755,782,0
8779213,719.79,755,783,0
8779223,733.44,755,782,0
8779233,742.99,755,783,0
8779243,749.64,755,782,0
8779253,754.29,755,783,0
8779264,757.55,755,782,0
8779273,759.87,755,783,0
8779283,761.45,755,782,0
8779293,760.67,755,783,0
8779303,754.26,755,782,0
8779313,740.77,755,783,0
8779323,718.51,755,782,0
8779333,687.37,755,783,0
8779343,647.14,755,782,0
8779353,599.02,755,783,0
8779363,545.40,755,782,0
8779373,491.23,755,783,0
8779383,439.22,755,781,0
8779393,392.74,755,783,0
8779403,353.05,755,782,0
8779413,321.83,755,783,0
8779423,298.87,755,782,0
8779433,284.72,755,783,0
8779443,278.16,755,782,0
8779453,278.71,755,783,0
8779463,284.67,755,782,0
8779473,294.97,755,783,0
8779483,307.66,755,782,0
8779493,321.69,755,783,0
8779503,335.20,755,782,0
8779513,347.70,755,782,0
8779523,357.73,755,782,0
8779533,365.23,755,783,0
8779543,369.49,755,781,0
8779553,370.84,755,782,0
8779564,369.13,755,782,0
8779574,365.19,755,782,0
8779584,359.01,755,782,0
8779594,351.50,755,782,0
8779604,342.87,755,782,0
8779614,334.12,755,783,0
8779624,325.34,755,782,0
8779634,317.14,755,782,0
8779644,309.55,755,782,0
8779654,303.13,755,782,0
8779664,297.65,755,782,0
8779674,293.43,755,782,0
8779684,290.34,755,782,0
8779694,288.65,755,782,0
8779704,287.99,755,782,0
8779714,288.50,755,782,0
8779724,289.81,755,782,0
8779735,292.10,755,782,0
8779745,294.90,755,782,0
8779755,297.93,755,782,0
8779765,300.86,755,782,0
8779776,303.78,755,782,0
8779785,306.29,755,782,0
8779795,308.47,755,782,0
8779805,310.04,755,782,0
8779815,311.15,755,782,0
8779825,311.92,755,782,0
8779835,312.97,755,782,0
8779845,315.34,755,783,0
8779855,320.89,755,782,0
8779865,331.42,755,782,0
8779875,349.77,755,782,0
8779885,378.51,755,783,0
8779895,417.96,755,782,0
8779905,464.38,755,782,0
8779915,514.54,755,782,0
8779934,565.08,763,781,0
8779937,613.14,763,782,0
8779947,655.23,763,783,0
8779956,688.20,763,782,0
8779966,711.33,763,783,0
8779976,727.51,763,782,0
8779986,738.85,763,783,0
8779996,746.78,763,782,0
8780006,752.29,763,783,0
8780016,756.14,763,782,0
8780026,758.84,763,783,0
8780036,760.69,763,782,0
8780046,761.98,763,783,0
8780056,762.89,763,782,0
8780066,759.71,763,783,0
8780076,750.20,763,782,0
8780086,732.48,763,783,0
8780096,705.59,763,782,0
8780106,669.59,763,783,0
8780116,624.80,763,781,0
8780126,572.57,763,783,0
8780136,517.76,763,782,0
8780146,464.26,763,783,0
8780156,415.32,763,782,0
8780166,373.53,763,782,0
8780176,340.03,763,782,0
8780186,315.68,763,782,0
8780196,299.92,763,781,0
8780206,292.36,763,782,0
8780216,291.78,763,782,0
8780226,296.99,763,783,0
8780236,306.21,763,781,0
8780247,318.10,763,783,0
8780257,330.84,763,781,0
8780267,343.36,763,783,0
8780277,354.35,763,781,0
8780288,363.20,763,783,0
8780297,369.23,763,781,0
8780307,372.42,763,783,0
8780317,372.42,763,781,0
8780327,369.98,763,783,0
8780337,365.01,763,781,0
8780347,358.37,763,783,0
8780357,350.07,763,781,0
8780367,341.09,763,783,0
8780377,331.51,763,782,0
8780387,322.27,763,783,0
8780397,313.32,763,781,0
8780407,305.42,763,783,0
8780417,298.52,763,781,0
8780427,293.22,763,783,0
8780437,289.17,763,781,0
8780447,286.85,763,783,0
8780457,285.78,763,781,0
8780467,286.23,763,783,0
8780477,287.58,763,781,0
8780487,290.02,763,783,0
8780497,292.80,763,781,0
8780507,296.12,763,783,0
8780517,299.25,763,781,0
8780527,302.43,763,783,0
8780537,304.92,763,781,0
8780547,307.13,763,783,0
8780557,308.38,763,781,0
8780567,309.16,763,783,0
8780577,309.11,763,781,0
8780588,309.29,763,783,0
8780598,310.19,763,781,0
8780608,314.03,763,783,0
8780618,322.60,763,781,0
8780628,339.09,763,783,0
8780638,365.16,763,781,0
8780648,403.13,763,783,0
8780658,448.95,763,781,0
8780668,499.45,763,783,0
8780678,551.13,763,781,0
8780697,600.80,763,780,0
8780700,644.83,763,781,0
8780709,680.84,763,783,0
8780719,706.17,763,781,0
8780729,723.91,763,783,0
8780739,736.32,763,781,0
8780749,745.01,763,783,0
8780759,751.09,763,781,0
8780769,755.31,763,783,0
8780779,758.22,763,781,0
8780789,760.25,763,783,0
8780800,761.68,763,781,0
8780809,760.19,763,783,0
8780819,752.63,763,781,0
8780829,737.57,763,783,0
8780839,713.44,763,781,0
8780849,680.78,763,783,0
8780859,639.49,763,781,0
8780869,590.49,763,783,0
8780879,537.03,763,781,0
8780889,484.00,763,783,0
8780899,434.03,763,781,0
8780909,390.39,763,783,0
8780919,353.55,763,781,0
8780929,325.18,763,783,0
8780939,305.16,763,781,0
8780949,293.92,763,783,0
8780959,290.05,763,781,0
8780969,293.03,763,783,0
8780979,300.82,763,780,0
8780989,312.70,763,783,0
8780999,326.38,763,781,0
8781009,340.84,763,783,0
8781019,354.13,763,780,0
8781029,365.96,763,783,0
8781039,374.97,763,781,0
8781049,381.41,763,783,0
8781059,384.50,763,780,0
8781069,384.82,763,783,0
8781079,382.05,763,781,0
8781089,377.15,763,783,0
8781100,369.99,763,780,0
8781110,361.59,763,783,0
8781120,351.90,763,781,0
8781130,342.03,763,783,0
8781140,331.99,763,781,0
8781150,322.82,763,783,0
8781160,314.26,763,781,0
8781170,307.11,763,783,0
8781180,301.04,763,781,0
8781190,296.78,763,783,0
8781200,293.59,763,781,0
8781210,292.08,763,783,0
8781220,291.59,763,781,0
8781230,292.48,763,783,0
8781240,293.92,763,781,0
8781250,296.26,763,783,0
8781260,298.67,763,781,0
8781271,301.42,763,783,0
8781281,303.83,763,781,0
8781291,306.19,763,783,0
8781301,308.06,763,781,0
8781312,310.36,763,783,0
8781321,313.25,763,781,0
8781331,318.62,763,783,0
8781341,328.03,763,781,0
8781351,344.14,763,783,0
8781361,368.78,763,781,0
8781371,404.59,763,783,0
8781381,448.34,763,781,0
8781391,497.01,763,783,0
8781401,547.19,763,781,0
8781411,595.95,763,783,0
8781430,639.98,733,782,0
8781433,676.71,733,783,0
8781442,703.20,733,782,0
8781452,721.74,733,783,0
8781462,734.72,733,782,0
8781472,743.80,733,783,0
8781483,750.16,733,782,0
8781492,754.66,733,783,0
8781502,757.80,733,782,0
8781512,760.00,733,783,0
8781522,761.55,733,782,0
8781532,762.63,733,783,0
8781542,763.38,733,782,0
8781552,763.91,733,783,0
8781562,762.78,733,782,0
8781572,757.02,733,783,0
8781582,743.98,733,781,0
8781592,722.43,733,783,0
8781602,691.92,733,782,0
8781612,653.28,733,783,0
8781622,607.17,733,781,0
8781632,556.50,733,783,0
8781642,505.65,733,782,0
8781652,459.13,733,782,0
8781662,419.32,733,782,0
8781672,388.11,733,783,0
8781682,365.45,733,782,0
8781692,351.56,733,782,0
8781702,345.18,733,781,0
8781712,345.25,733,782,0
8781722,349.76,733,782,0
8781732,357.42,733,782,0
8781742,366.34,733,781,0
8781752,375.54,733,782,0
8781762,383.52,733,782,0
8781772,389.66,733,782,0
8781783,393.19,733,782,0
8781793,393.99,733,782,0
8781803,391.94,733,782,0
8781813,387.33,733,782,0
8781824,380.29,733,782,0
8781833,371.63,733,782,0
8781843,361.71,733,782,0
8781853,351.34,733,782,0
8781863,340.91,733,782,0
8781873,331.04,733,782,0
8781883,322.07,733,782,0
8781893,314.38,733,782,0
8781903,307.96,733,782,0
8781913,303.13,733,782,0
8781923,299.62,733,782,0
8781933,297.51,733,782,0
8781943,296.54,733,782,0
8781953,296.46,733,782,0
8781963,297.01,733,782,0
8781973,297.91,733,782,0
8781983,298.88,733,782,0
8781993,299.90,733,782,0
8782003,300.92,733,782,0
8782013,302.18,733,782,0
8782023,304.44,733,782,0
8782033,309.20,733,782,0
8782043,318.31,733,782,0
8782053,334.29,733,782,0
8782063,359.70,733,782,0
8782073,396.65,733,782,0
8782083,441.84,733,782,0
8782093,491.99,733,782,0
8782103,543.72,733,782,0
8782113,593.95,733,782,0
8782124,639.35,733,783,0
8782143,676.74,713,781,0
8782146,703.48,713,784,0
8782155,722.15,713,781,0
8782166,735.22,713,783,0
8782175,744.37,713,782,0
8782185,750.81,713,783,0
8782195,755.28,713,781,0
8782205,758.41,713,783,0
8782215,760.60,713,782,0
8782225,762.18,713,783,0
8782235,763.24,713,781,0
8782245,763.98,713,783,0
8782255,764.50,713,782,0
8782265,762.25,713,783,0
8782275,753.99,713,781,0
8782285,737.75,713,783,0
8782295,712.63,713,782,0
8782305,678.54,713,783,0
8782315,635.78,713,781,0
8782325,585.31,713,783,0
8782336,530.96,713,781,0
8782345,477.57,713,783,0
8782355,428.50,713,781,0
8782365,386.35,713,783,0
8782375,352.30,713,781,0
8782385,327.31,713,783,0
8782395,311.02,713,781,0
8782405,303.04,713,783,0
8782415,301.83,713,781,0
8782425,306.29,713,783,0
8782435,314.35,713,781,0
8782445,324.70,713,783,0
8782455,335.46,713,781,0
8782465,345.78,713,783,0
8782475,354.25,713,781,0
8782485,360.43,713,783,0
8782495,363.52,713,781,0
8782505,363.79,713,783,0
8782515,361.24,713,781,0
8782525,356.45,713,783,0
8782535,349.46,713,781,0
8782545,341.14,713,783,0
8782555,331.84,713,781,0
8782565,322.42,713,783,0
8782575,312.90,713,781,0
8782585,304.10,713,783,0
8782595,295.97,713,781,0
8782605,289.12,713,782,0
8782615,283.34,713,781,0
8782625,279.00,713,783,0
8782636,275.70,713,781,0
8782646,273.90,713,783,0
8782656,272.82,713,781,0
8782666,272.83,713,783,0
8782676,273.35,713,781,0
8782686,274.62,713,783,0
8782696,276.02,713,781,0
8782706,277.86,713,783,0
8782716,279.70,713,781,0
8782726,282.40,713,783,0
8782736,286.18,713,781,0
8782746,292.73,713,783,0
8782756,303.44,713,781,0
8782766,320.62,713,783,0
8782776,346.41,713,781,0
8782786,383.31,713,783,0
8782796,428.78,713,781,0
8782807,479.41,713,783,0
8782817,531.75,713,781,0
8782827,582.78,713,783,0
8782846,629.43,703,782,0
8782850,668.69,703,783,0
8782859,697.67,703,781,0
8782869,718.00,703,783,0
8782879,732.27,703,781,0
8782889,742.26,703,783,0
8782899,749.25,703,781,0
8782909,754.19,703,783,0
8782919,757.65,703,781,0
8782929,760.03,703,783,0
8782939,761.65,703,781,0
8782949,762.78,703,783,0
8782959,759.68,703,781,0
8782969,750.00,703,783,0
8782979,732.22,703,781,0
8782989,705.66,703,783,0
8782999,669.94,703,781,0
8783009,625.64,703,783,0
8783020,573.33,703,781,0
8783030,518.25,703,783,0
8783040,463.92,703,781,0
8783050,413.63,703,783,0
8783060,369.30,703,781,0
8783070,332.91,703,783,0
8783080,304.95,703,781,0
8783090,286.19,703,783,0
8783100,275.85,703,781,0
8783110,273.28,703,783,0
8783120,276.88,703,781,0
8783130,285.75,703,783,0
8783140,297.74,703,781,0
8783150,311.74,703,783,0
8783160,325.58,703,781,0
8783170,338.65,703,783,0
8783180,349.55,703,782,0
8783191,357.87,703,783,0
8783201,362.63,703,782,0
8783211,364.28,703,783,0
8783221,362.35,703,782,0
8783232,357.70,703,783,0
8783241,350.21,703,781,0
8783251,340.97,703,783,0
8783261,330.40,703,782,0
8783271,319.39,703,782,0
8783281,308.26,703,781,0
8783291,297.98,703,782,0
8783301,288.64,703,782,0
8783311,280.82,703,782,0
8783321,274.45,703,781,0
8783331,269.81,703,783,0
8783341,266.78,703,782,0
8783351,265.35,703,783,0
8783361,265.12,703,781,0
8783371,266.15,703,783,0
8783381,267.95,703,782,0
8783391,270.54,703,783,0
8783401,273.33,703,782,0
8783411,276.49,703,783,0
8783421,279.56,703,781,0
8783431,282.56,703,782,0
8783441,285.14,703,782,0
8783451,287.67,703,783,0
8783461,290.08,703,781,0
8783471,293.44,703,783,0
8783481,298.75,703,782,0
8783491,307.96,703,783,0
8783501,323.14,703,781,0
8783511,347.18,703,783,0
8783521,382.01,703,782,0
8783532,426.11,703,783,0
8783542,475.75,703,782,0
8783552,527.68,703,782,0
8783562,578.86,703,782,0
8783582,626.05,735,781,0
8783585,665.89,735,783,0
8783594,695.75,735,782,0
8783604,716.70,735,783,0
8783614,731.36,735,781,0
8783624,741.67,735,783,0
8783634,748.84,735,782,0
8783644,753.90,735,783,0
8783654,757.40,735,781,0
8783664,759.81,735,783,0
8783674,761.45,735,782,0
8783684,762.65,735,783,0
8783694,760.48,735,781,0
8783704,752.49,735,783,0
8783714,736.49,735,782,0
8783724,711.36,735,783,0
8783734,676.79,735,781,0
8783745,633.23,735,783,0
8783755,581.34,735,781,0
8783765,525.53,735,783,0
8783775,469.61,735,781,0
8783785,417.53,735,783,0
8783795,371.68,735,781,0
8783805,334.06,735,783,0
8783815,305.16,735,781,0
8783825,285.57,735,783,0
8783835,274.38,735,781,0
8783845,271.14,735,783,0
8783855,274.06,735,781,0
8783865,282.18,735,783,0
8783875,293.36,735,781,0
8783885,306.62,735,783,0
8783895,320.06,735,781,0
8783905,332.86,735,783,0
8783916,343.53,735,781,0
8783926,351.86,735,783,0
8783936,356.96,735,781,0
8783946,359.16,735,783,0
8783956,357.99,735,781,0
8783966,354.22,735,783,0
8783976,347.81,735,781,0
8783986,339.73,735,783,0
8783996,330.04,735,781,0
8784006,319.78,735,783,0
8784016,309.05,735,781,0
8784026,298.96,735,783,0
8784036,289.25,735,781,0
8784046,280.90,735,783,0
8784056,273.60,735,781,0
8784066,268.11,735,783,0
8784076,263.92,735,781,0
8784087,261.76,735,783,0
8784097,260.84,735,781,0
8784107,261.75,735,783,0
8784117,263.49,735,781,0
8784128,266.56,735,783,0
8784137,269.99,735,781,0
8784147,274.15,735,783,0
8784157,278.05,735,781,0
8784167,282.02,735,783,0
8784177,285.23,735,781,0
8784187,288.25,735,783,0
8784197,290.53,735,781,0
8784207,293.11,735,783,0
8784217,296.16,735,781,0
8784227,301.64,735,783,0
8784237,311.01,735,781,0
8784247,327.38,735,783,0
8784257,352.38,735,781,0
8784267,388.78,735,783,0
8784277,433.67,735,781,0
8784287,483.87,735,783,0
8784297,535.85,735,781,0
8784307,586.68,735,783,0
8784326,632.64,745,782,0
8784329,671.27,745,783,0
8784338,699.52,745,781,0
8784348,719.34,745,783,0
8784358,733.21,745,781,0
8784368,742.96,745,783,0
8784378,749.74,745,781,0
8784388,754.53,745,783,0
8784398,757.85,745,781,0
8784408,760.16,745,783,0
8784418,761.79,745,781,0
8784428,762.96,745,783,0
8784438,762.20,745,780,0
8784448,756.36,745,783,0
8784458,742.62,745,781,0
8784468,719.89,745,783,0
8784478,687.74,745,780,0
8784488,646.50,745,783,0
8784498,596.59,745,781,0
8784508,541.04,745,783,0
8784518,484.29,745,781,0
8784528,431.02,745,783,0
8784538,383.57,745,781,0
8784548,344.14,745,783,0
8784558,313.33,745,780,0
8784568,292.06,745,783,0
8784578,279.53,745,781,0
8784588,275.38,745,783,0
8784599,277.80,745,781,0
8784609,285.79,745,783,0
8784619,297.21,745,781,0
8784629,310.95,745,783,0
8784640,324.93,745,781,0
8784649,338.15,745,783,0
8784659,349.08,745,781,0
8784669,357.37,745,783,0
8784679,362.32,745,781,0
8784689,364.06,745,783,0
8784699,362.37,745,781,0
8784709,358.02,745,783,0
8784719,350.98,745,781,0
8784729,342.33,745,783,0
8784739,332.08,745,781,0
8784749,321.21,745,783,0
8784759,309.88,745,781,0
8784769,299.11,745,783,0
8784779,288.88,745,781,0
8784789,280.00,745,783,0
8784799,272.33,745,781,0
8784809,266.57,745,783,0
8784819,262.29,745,781,0
8784829,259.97,745,783,0
8784839,259.04,745,781,0
8784849,259.76,745,783,0
8784859,261.54,745,781,0
8784869,264.42,745,783,0
8784879,267.60,745,781,0
8784889,271.23,745,783,0
8784899,274.55,745,781,0
8784909,277.77,745,783,0
8784919,280.15,745,781,0
8784929,282.12,745,783,0
8784940,283.24,745,782,0
8784950,284.50,745,783,0
8784960,286.28,745,781,0
8784970,290.44,745,783,0
8784980,298.58,745,782,0
8784990,313.45,745,783,0
8785000,337.31,745,782,0
8785010,373.09,745,783,0
8785020,418.28,745,782,0
8785030,469.41,745,783,0
8785040,522.86,745,782,0
8785050,575.36,745,783,0
8785070,623.68,743,782,0
8785073,664.53,743,781,0
8785082,694.76,743,782,0
8785092,715.92,743,782,0
8785102,730.73,743,782,0
8785112,741.09,743,782,0
8785122,748.35,743,782,0
8785132,753.39,743,782,0
8785142,756.96,743,783,0
8785153,759.46,743,782,0
8785163,761.21,743,783,0
8785173,762.39,743,781,0
8785183,763.21,743,783,0
8785193,759.68,743,781,0
8785203,749.36,743,782,0
8785213,730.10,743,781,0
8785223,701.18,743,783,0
8785233,662.38,743,781,0
8785243,614.83,743,783,0
8785253,559.21,743,781,0
8785263,501.16,743,783,0
8785273,444.63,743,781,0
8785283,393.35,743,783,0
8785293,349.66,743,781,0
8785303,315.35,743,783,0
8785313,290.47,743,781,0
8785324,275.42,743,783,0
8785334,268.91,743,781,0
8785344,270.05,743,783,0
8785354,277.06,743,781,0
8785364,288.32,743,783,0
8785374,301.63,743,781,0
8785384,315.67,743,783,0
8785394,328.59,743,781,0
8785404,339.90,743,783,0
8785414,348.24,743,781,0
8785424,353.53,743,783,0
8785434,355.21,743,781,0
8785444,354.12,743,783,0
8785454,349.93,743,781,0
8785464,343.61,743,783,0
8785474,335.20,743,781,0
8785484,325.84,743,783,0
8785495,315.73,743,781,0
8785505,305.95,743,783,0
8785515,296.37,743,781,0
8785525,287.94,743,783,0
8785536,280.37,743,781,0
8785545,274.39,743,783,0
8785555,269.56,743,781,0
8785565,266.35,743,783,0
8785575,264.23,743,780,0
8785585,263.52,743,783,0
8785595,263.53,743,781,0
8785605,264.75,743,783,0
8785615,266.19,743,780,0
8785625,268.28,743,783,0
8785635,270.42,743,781,0
8785645,273.04,743,783,0
8785655,275.26,743,781,0
8785665,277.58,743,783,0
8785675,279.16,743,781,0
8785685,280.74,743,783,0
8785695,282.11,743,780,0
8785705,284.65,743,783,0
8785715,288.95,743,781,0
8785725,297.84,743,783,0
8785735,313.23,743,781,0
8785745,338.53,743,783,0
8785755,375.06,743,781,0
8785765,421.03,743,783,0
8785775,472.36,743,781,0
8785785,526.12,743,783,0
8785795,578.59,743,781,0
8785814,626.54,745,780,0
8785817,666.36,745,781,0
8785826,696.00,745,784,0
8785836,716.74,745,781,0
8785846,731.26,745,783,0
8785856,741.43,745,781,0
8785866,748.58,745,783,0
8785876,753.59,745,781,0
8785886,757.14,745,783,0
8785896,759.59,745,781,0
8785906,761.30,745,783,0
8785916,762.49,745,781,0
8785926,763.37,745,783,0
8785936,760.35,745,781,0
8785946,750.47,745,783,0
8785956,731.43,745,781,0
8785966,702.93,745,783,0
8785976,664.55,745,781,0
8785986,617.07,745,783,0
8785996,561.25,745,781,0
8786007,502.46,745,783,0
8786017,445.07,745,781,0
8786027,393.40,745,783,0
8786037,349.27,745,781,0
8786048,314.82,745,783,0
8786057,290.14,745,781,0
8786067,275.61,745,783,0
8786077,269.90,745,781,0
8786087,272.33,745,783,0
8786097,280.50,745,781,0
8786107,293.17,745,783,0
8786117,307.95,745,781,0
8786127,323.82,745,783,0
8786137,338.70,745,781,0
8786147,351.86,745,783,0
8786157,361.85,745,781,0
8786167,368.79,745,783,0
8786177,372.03,745,781,0
8786187,372.10,745,783,0
8786197,368.73,745,781,0
8786207,362.85,745,783,0
8786217,354.63,745,781,0
8786227,345.40,745,783,0
8786237,335.25,745,781,0
8786247,325.19,745,783,0
8786257,315.15,745,781,0
8786267,306.06,745,783,0
8786277,297.81,745,781,0
8786287,291.27,745,783,0
8786297,285.83,745,781,0
8786307,282.15,745,783,0
8786317,279.58,745,781,0
8786327,278.63,745,783,0
8786337,278.66,745,781,0
8786348,279.92,745,783,0
8786358,281.57,745,781,0
8786368,284.10,745,783,0
8786378,286.77,745,781,0
8786388,289.84,745,783,0
8786398,292.76,745,781,0
8786408,296.00,745,783,0
8786418,299.64,745,781,0
8786428,305.07,745,783,0
8786438,313.06,745,781,0
8786448,326.24,745,783,0
8786458,346.83,745,781,0
8786468,377.74,745,783,0
8786478,418.62,745,781,0
8786488,466.04,745,783,0
8786498,516.60,745,781,0
8786508,567.55,745,783,0
8786519,615.43,745,782,0
8786538,657.17,724,780,0
8786541,689.52,724,783,0
8786550,712.16,724,782,0
8786561,728.01,724,782,0
8786571,739.11,724,782,0
8786581,746.88,724,782,0
8786591,752.31,724,782,0
8786601,756.16,724,783,0
8786611,758.86,724,782,0
8786621,760.79,724,782,0
8786631,762.14,724,782,0
8786641,760.29,724,783,0
8786651,752.32,724,782,0
8786661,735.81,724,782,0
8786671,709.38,724,782,0
8786681,672.97,724,783,0
8786691,627.12,724,782,0
8786701,572.83,724,782,0
8786711,514.08,724,782,0
8786721,455.64,724,783,0
8786732,401.62,724,782,0
8786742,355.32,724,783,0
8786752,318.24,724,781,0
8786762,291.38,724,783,0
8786772,274.60,724,781,0
8786782,267.43,724,782,0
8786792,268.37,724,781,0
8786802,276.10,724,783,0
8786812,288.46,724,781,0
8786822,303.96,724,783,0
8786832,320.39,724,781,0
8786842,336.43,724,783,0
8786852,350.53,724,781,0
8786862,362.03,724,783,0
8786872,369.91,724,781,0
8786882,374.00,724,783,0
8786892,374.05,724,781,0
8786903,370.52,724,783,0
8786913,363.63,724,781,0
8786923,354.44,724,783,0
8786933,343.25,724,781,0
8786944,331.22,724,783,0
8786953,318.94,724,781,0
8786963,307.26,724,783,0
8786973,296.29,724,781,0
8786983,287.03,724,783,0
8786993,279.18,724,781,0
8787003,273.38,724,783,0
8787013,269.11,724,781,0
8787023,266.51,724,783,0
8787033,265.07,724,781,0
8787043,265.13,724,783,0
8787053,265.82,724,781,0
8787063,267.46,724,783,0
8787073,269.25,724,781,0
8787083,271.45,724,782,0
8787093,273.54,724,781,0
8787103,276.04,724,783,0
8787113,278.77,724,781,0
8787123,282.74,724,783,0
8787133,288.69,724,781,0
8787143,299.20,724,783,0
8787153,316.11,724,781,0
8787163,342.00,724,783,0
8787173,378.65,724,781,0
8787183,424.22,724,783,0
8787193,475.07,724,781,0
8787203,528.15,724,783,0
8787213,579.79,724,781,0
8787223,627.00,724,783,0
8787233,666.68,724,781,0
8787253,696.18,715,780,0
8787256,716.82,715,781,0
8787265,731.28,715,783,0
8787275,741.39,715,781,0
8787286,748.48,715,783,0
8787295,753.43,715,781,0
8787305,756.90,715,783,0
8787315,759.33,715,781,0
8787325,761.03,715,783,0
8787335,760.77,715,781,0
8787345,755.26,715,783,0
8787355,741.77,715,781,0
8787365,719.08,715,783,0
8787375,686.83,715,781,0
8787385,645.35,715,783,0
8787395,594.89,715,781,0
8787405,538.27,715,783,0
8787415,480.07,715,781,0
8787425,424.89,715,783,0
8787435,375.21,715,781,0
8787445,333.53,715,783,0
8787456,300.59,715,781,0
8787465,277.61,715,783,0
8787475,263.89,715,781,0
8787485,259.21,715,783,0
8787495,261.72,715,781,0
8787505,270.54,715,783,0
8787515,283.15,715,781,0
8787525,298.58,715,783,0
8787535,314.39,715,781,0
8787545,329.83,715,783,0
8787555,342.95,715,781,0
8787565,353.77,715,783,0
8787575,361.04,715,781,0
8787585,365.27,715,783,0
8787595,365.75,715,781,0
8787605,363.51,715,783,0
8787615,358.17,715,781,0
8787625,351.18,715,783,0
8787635,342.29,715,781,0
8787645,332.95,715,783,0
8787655,322.81,715,781,0
8787665,313.14,715,783,0
8787675,303.80,715,781,0
8787685,295.89,715,783,0
8787695,289.02,715,781,0
8787705,284.34,715,783,0
8787715,281.33,715,781,0
8787725,280.88,715,783,0
8787735,282.33,715,781,0
8787745,286.31,715,783,0
8787756,292.00,715,781,0
8787766,299.59,715,783,0
8787776,307.85,715,781,0
8787786,316.90,715,783,0
8787796,325.58,715,781,0
8787806,334.07,715,783,0
8787816,341.29,715,781,0
8787826,348.27,715,783,0
8787836,355.35,715,781,0
8787846,364.54,715,783,0
8787856,377.32,715,781,0
8787866,396.86,715,783,0
8787876,424.67,715,781,0
8787886,461.37,715,783,0
8787896,503.39,715,781,0
8787906,548.23,715,783,0
8787916,592.95,715,781,0
8787936,635.05,683,780,0
8787939,671.20,683,782,0
8787948,699.34,683,783,0
8787958,719.04,683,782,0
8787969,732.83,683,782,0
8787979,742.48,683,781,0
8787989,749.24,683,782,0
8787999,753.97,683,782,0
8788009,754.19,683,782,0
8788019,747.88,683,782,0
8788029,733.73,683,782,0
8788039,710.88,683,782,0
8788049,679.37,683,782,0
8788059,639.70,683,781,0
8788069,592.52,683,782,0
8788079,541.37,683,782,0
8788089,489.61,683,782,0
8788099,439.89,683,781,0
8788109,394.41,683,782,0
8788119,354.30,683,782,0
8788129,320.52,683,782,0
8788140,293.58,683,782,0
8788150,274.08,683,782,0
8788160,261.97,683,782,0
8788170,257.05,683,782,0
8788180,258.62,683,782,0
8788190,265.72,683,782,0
8788200,276.95,683,782,0
8788210,291.19,683,782,0
8788220,307.08,683,782,0
8788230,323.34,683,782,0
8788240,338.62,683,782,0
8788250,351.89,683,782,0
8788260,362.60,683,782,0
8788270,370.39,683,782,0
8788280,374.86,683,782,0
8788290,376.10,683,782,0
8788300,374.36,683,782,0
8788311,370.05,683,782,0
8788321,363.86,683,782,0
8788331,356.10,683,781,0
8788341,347.63,683,783,0
8788352,338.74,683,781,0
8788361,330.12,683,782,0
8788371,321.98,683,782,0
8788381,314.92,683,782,0
8788391,308.90,683,782,0
8788401,304.34,683,783,0
8788411,300.81,683,781,0
8788421,298.73,683,782,0
8788431,297.82,683,782,0
8788441,298.22,683,782,0
8788451,299.31,683,781,0
8788461,301.10,683,783,0
8788471,303.26,683,781,0
8788481,305.71,683,782,0
8788491,307.94,683,781,0
8788501,309.80,683,782,0
8788511,310.80,683,781,0
8788521,311.46,683,782,0
8788531,311.88,683,781,0
8788541,313.12,683,782,0
8788551,316.30,683,781,0
8788561,323.66,683,783,0
8788571,337.09,683,782,0
8788581,359.44,683,782,0
8788591,392.43,683,781,0
8788601,434.82,683,783,0
8788611,482.79,683,782,0
8788621,533.25,683,783,0
8788631,582.80,683,781,0
8788651,628.59,714,781,0
8788654,667.46,714,781,0
8788663,696.76,714,783,0
8788673,717.28,714,781,0
8788683,731.64,714,783,0
8788694,741.69,714,781,0
8788703,748.72,714,783,0
8788713,753.65,714,781,0
8788723,757.06,714,783,0
8788733,756.35,714,781,0
8788743,749.73,714,783,0
8788753,735.16,714,781,0
8788763,712.09,714,783,0
8788773,680.09,714,781,0
8788783,640.00,714,783,0
8788793,592.00,714,781,0
8788803,540.27,714,783,0
8788813,487.56,714,781,0
8788823,437.76,714,783,0
8788833,392.58,714,781,0
8788843,354.30,714,783,0
8788853,323.23,714,781,0
8788864,300.57,714,783,0
8788873,285.96,714,781,0
8788883,279.71,714,783,0
8788893,280.53,714,781,0
8788903,287.74,714,783,0
8788913,299.18,714,781,0
8788923,313.82,714,783,0
8788933,329.48,714,781,0
8788943,345.40,714,783,0
8788953,359.77,714,781,0
8788963,371.97,714,783,0
8788973,380.76,714,781,0
8788983,386.49,714,783,0
8788993,388.44,714,781,0
8789003,387.50,714,783,0
8789013,383.28,714,781,0
8789023,376.81,714,783,0
8789033,368.17,714,781,0
8789043,358.64,714,783,0
8789053,348.29,714,781,0
8789063,338.22,714,783,0
8789073,328.38,714,781,0
8789083,319.65,714,783,0
8789093,311.79,714,781,0
8789103,305.59,714,783,0
8789113,300.44,714,781,0
8789123,296.97,714,783,0
8789133,294.49,714,781,0
8789143,293.53,714,783,0
8789153,293.24,714,781,0
8789164,294.16,714,783,0
8789174,295.22,714,781,0
8789184,297.00,714,783,0
8789194,298.41,714,781,0
8789204,300.00,714,783,0
8789214,300.69,714,781,0
8789224,301.25,714,783,0
8789234,301.05,714,781,0
8789244,300.99,714,783,0
8789254,300.95,714,781,0
8789264,302.68,714,783,0
8789274,307.15,714,781,0
8789284,317.17,714,783,0
8789294,334.09,714,781,0
8789304,360.98,714,783,0
8789314,398.96,714,781,0
8789324,445.08,714,783,0
8789335,495.54,714,781,0
8789345,547.28,714,783,0
8789355,596.78,714,781,0
8789374,641.46,724,780,0
8789378,677.92,724,782,0
8789387,704.09,724,783,0
8789397,722.41,724,782,0
8789407,735.23,724,783,0
8789417,744.20,724,782,0
8789427,750.48,724,783,0
8789437,754.88,724,782,0
8789447,757.92,724,783,0
8789457,757.51,724,782,0
8789467,751.75,724,783,0
8789477,738.45,724,781,0
8789487,716.93,724,782,0
8789497,686.56,724,782,0
8789507,647.95,724,783,0
8789517,601.30,724,781,0
8789527,550.38,724,782,0
8789537,498.24,724,782,0
8789548,448.67,724,782,0
8789558,403.68,724,782,0
8789568,365.68,724,782,0
8789578,335.22,724,782,0
8789588,313.38,724,782,0
8789598,299.59,724,782,0
8789608,293.80,724,782,0
8789618,294.89,724,782,0
8789628,301.87,724,782,0
8789638,312.83,724,782,0
8789648,326.51,724,782,0
8789658,341.02,724,782,0
8789668,355.33,724,782,0
8789678,368.04,724,782,0
8789688,378.40,724,782,0
8789698,385.44,724,782,0
8789708,389.12,724,782,0
8789719,389.00,724,782,0
8789729,385.53,724,782,0
8789739,378.90,724,782,0
8789749,369.89,724,782,0
8789760,358.99,724,782,0
8789769,347.25,724,782,0
8789779,335.00,724,782,0
8789789,323.22,724,782,0
8789799,312.27,724,782,0
8789809,302.67,724,782,0
8789819,294.54,724,782,0
8789829,287.95,724,782,0
8789839,282.99,724,782,0
8789849,279.78,724,782,0
8789859,278.35,724,782,0
8789869,278.63,724,782,0
8789879,280.41,724,782,0
8789889,283.37,724,782,0
8789899,287.38,724,782,0
8789909,292.15,724,782,0
8789919,297.33,724,782,0
8789929,302.42,724,782,0
8789939,307.09,724,782,0
8789949,311.18,724,782,0
8789959,314.60,724,782,0
8789969,317.50,724,782,0
8789979,320.22,724,782,0
8789989,323.97,724,782,0
8789999,330.49,724,782,0
8790009,342.09,724,782,0
8790019,360.83,724,782,0
8790029,389.30,724,782,0
8790039,427.99,724,782,0
8790049,473.38,724,782,0
8790060,522.21,724,783,0
8790070,571.35,724,782,0
8790080,617.61,724,783,0
8790099,658.23,725,782,0
8790103,690.26,725,783,0
8790111,712.68,725,782,0
8790121,728.38,725,783,0
8790131,739.36,725,781,0
8790141,747.06,725,783,0
8790151,752.44,725,781,0
8790161,756.21,725,783,0
8790171,758.84,725,781,0
8790181,760.69,725,783,0
8790191,761.26,725,782,0
8790201,757.58,725,783,0
8790211,747.38,725,781,0
8790221,729.31,725,783,0
8790231,702.81,725,781,0
8790241,668.03,725,783,0
8790251,625.12,725,781,0
8790261,575.80,725,783,0
8790272,524.04,725,781,0
8790281,473.89,725,783,0
8790291,427.94,725,781,0
8790301,388.53,725,783,0
8790311,356.57,725,781,0
8790321,333.21,725,783,0
8790331,318.19,725,781,0
8790341,311.53,725,782,0
8790351,311.67,725,781,0
8790361,317.73,725,783,0
8790371,327.67,725,781,0
8790381,340.37,725,783,0
8790391,353.89,725,781,0
8790401,367.16,725,783,0
8790411,378.69,725,781,0
8790421,387.95,725,783,0
8790431,393.92,725,781,0
8790441,396.73,725,783,0
8790451,396.04,725,781,0
8790461,392.39,725,783,0
8790471,385.76,725,781,0
8790481,377.09,725,783,0
8790491,366.69,725,781,0
8790501,355.77,725,783,0
8790511,344.44,725,781,0
8790521,333.72,725,783,0
8790531,323.78,725,781,0
8790541,315.31,725,782,0
8790551,308.32,725,781,0
8790561,303.51,725,783,0
8790572,300.61,725,781,0
8790582,300.09,725,783,0
8790592,301.26,725,781,0
8790602,304.31,725,783,0
8790612,308.50,725,781,0
8790622,313.62,725,783,0
8790632,318.58,725,781,0
8790642,323.21,725,783,0
8790652,326.66,725,781,0
8790662,329.29,725,783,0
8790672,330.92,725,781,0
8790682,332.87,725,783,0
8790692,336.08,725,781,0
8790702,343.00,725,783,0
8790712,355.47,725,781,0
8790722,376.89,725,783,0
8790732,408.72,725,781,0
8790743,449.52,725,783,0
8790753,495.65,725,781,0
8790763,544.23,725,783,0
8790773,591.99,725,781,0
8790784,636.13,725,783,0
8790802,673.08,703,782,0
8790805,700.70,703,783,0
8790814,720.03,703,781,0
8790824,733.57,703,783,0
8790834,743.04,703,781,0
8790844,749.67,703,783,0
8790854,754.31,703,781,0
8790864,757.56,703,783,0
8790874,759.79,703,781,0
8790884,761.40,703,783,0
8790894,762.52,703,781,0
8790904,763.31,703,783,0
8790914,761.37,703,781,0
8790924,754.15,703,783,0
8790934,739.36,703,781,0
8790944,716.49,703,783,0
8790955,684.97,703,781,0
8790964,645.85,703,783,0
8790974,599.53,703,780,0
8790984,549.91,703,783,0
8790994,500.48,703,781,0
8791004,455.38,703,783,0
8791014,416.14,703,780,0
8791024,384.98,703,783,0
8791034,361.76,703,779,0
8791044,346.96,703,784,0
8791054,339.60,703,780,0
8791064,339.21,703,784,0
8791074,343.77,703,780,0
8791084,352.28,703,784,0
8791094,362.66,703,780,0
8791104,373.73,703,784,0
8791114,384.01,703,779,0
8791124,392.71,703,783,0
8791134,398.84,703,779,0
8791144,402.36,703,783,0
8791154,402.64,703,780,0
8791164,400.30,703,783,0
8791174,395.24,703,781,0
8791184,388.40,703,783,0
8791194,379.83,703,781,0
8791204,370.71,703,783,0
8791214,361.11,703,781,0
8791224,352.17,703,783,0
8791234,343.63,703,781,0
8791244,336.46,703,783,0
8791255,330.28,703,781,0
8791265,325.95,703,782,0
8791275,322.97,703,781,0
8791285,321.73,703,783,0
8791296,321.68,703,781,0
8791305,323.15,703,783,0
8791315,325.25,703,781,0
8791325,328.22,703,783,0
8791335,331.19,703,781,0
8791345,334.31,703,783,0
8791355,336.92,703,781,0
8791365,339.34,703,783,0
8791375,341.17,703,781,0
8791385,343.35,703,783,0
8791395,346.20,703,781,0
8791405,351.63,703,783,0
8791415,361.04,703,781,0
8791425,376.93,703,783,0
8791435,401.08,703,781,0
8791445,435.43,703,783,0
8791455,476.78,703,781,0
8791465,522.32,703,783,0
8791475,568.81,703,781,0
8791485,613.57,703,783,0
8791504,653.68,702,782,0
8791507,686.61,702,782,0
8791516,710.12,702,781,0
8791526,726.59,702,783,0
8791536,738.11,702,782,0
8791546,746.18,702,783,0
8791556,751.87,702,781,0
8791566,755.85,702,783,0
8791576,758.64,702,782,0
8791586,760.63,702,782,0
8791596,761.86,702,781,0
8791606,759.33,702,783,0
8791616,750.62,702,782,0
8791626,734.45,702,782,0
8791636,709.67,702,781,0
8791646,676.64,702,782,0
8791656,635.30,702,781,0
8791666,586.74,702,782,0
8791676,535.01,702,782,0
8791686,484.13,702,782,0
8791696,436.65,702,781,0
8791706,395.40,702,782,0
8791716,361.29,702,781,0
8791726,335.62,702,782,0
8791736,318.33,702,781,0
8791746,309.49,702,782,0
8791756,307.84,702,781,0
8791767,312.43,702,782,0
8791777,321.39,702,782,0
8791787,333.40,702,782,0
8791797,346.65,702,782,0
8791808,359.74,702,781,0
8791817,371.13,702,782,0
8791827,380.35,702,782,0
8791837,386.37,702,782,0
8791847,389.18,702,782,0
8791857,388.44,702,782,0
8791867,384.53,702,782,0
8791877,377.86,702,782,0
8791887,369.12,702,781,0
8791897,358.67,702,782,0
8791907,347.50,702,782,0
8791917,336.08,702,782,0
8791927,325.04,702,782,0
8791937,314.83,702,782,0
8791947,305.88,702,782,0
8791957,298.16,702,782,0
8791967,291.90,702,782,0
8791977,287.08,702,782,0
8791987,283.80,702,782,0
8791997,281.72,702,783,0
8792007,280.82,702,781,0
8792017,280.79,702,782,0
8792027,281.75,702,782,0
8792037,283.03,702,782,0
8792047,284.56,702,782,0
8792057,285.98,702,782,0
8792067,287.53,702,782,0
8792077,288.78,702,782,0
8792087,289.92,702,782,0
8792097,290.84,702,782,0
8792108,292.48,702,781,0
8792118,295.85,702,782,0
8792128,302.62,702,781,0
8792138,314.61,702,783,0
8792148,333.88,702,781,0
8792158,361.99,702,783,0
8792168,400.18,702,781,0
8792178,446.32,702,783,0
8792188,496.63,702,782,0
8792198,547.74,702,782,0
8792208,596.42,702,781,0
8792218,639.88,702,783,0
8792238,675.87,733,782,0
8792241,702.61,733,783,0
8792250,721.33,733,781,0
8792260,734.43,733,783,0
8792270,743.60,733,781,0
8792280,750.06,733,783,0
8792290,754.59,733,781,0
8792300,755.53,733,783,0
8792310,750.61,733,781,0
8792321,738.60,733,783,0
8792331,718.49,733,781,0
8792341,690.23,733,783,0
8792351,653.69,733,781,0
8792361,609.64,733,783,0
8792371,561.02,733,781,0
8792381,511.56,733,783,0
8792391,463.65,733,781,0
8792401,419.91,733,783,0
8792411,381.54,733,781,0
8792421,350.09,733,783,0
8792431,325.68,733,781,0
8792441,309.10,733,783,0
8792451,299.90,733,781,0
8792461,298.17,733,783,0
8792471,302.54,733,781,0
8792481,312.49,733,783,0
8792492,326.14,733,781,0
8792502,342.73,733,783,0
8792512,359.91,733,781,0
8792522,376.91,733,783,0
8792532,391.72,733,781,0
8792542,404.11,733,783,0
8792552,412.52,733,781,0
8792562,417.25,733,783,0
8792572,417.64,733,781,0
8792582,414.62,733,783,0
8792592,407.96,733,781,0
8792602,398.98,733,783,0
8792612,387.50,733,781,0
8792622,375.13,733,782,0
8792632,362.06,733,781,0
8792642,349.62,733,783,0
8792652,337.65,733,781,0
8792663,327.12,733,783,0
8792673,317.74,733,781,0
8792683,310.45,733,783,0
8792693,304.53,733,781,0
8792704,300.51,733,783,0
8792713,297.57,733,781,0
8792723,296.20,733,783,0
8792733,295.58,733,781,0
8792743,296.09,733,783,0
8792753,296.84,733,781,0
8792763,298.21,733,783,0
8792773,299.31,733,781,0
8792783,300.63,733,783,0
8792793,301.64,733,781,0
8792803,303.25,733,783,0
8792813,305.75,733,781,0
8792823,311.18,733,783,0
8792833,320.60,733,781,0
8792843,336.87,733,783,0
8792853,361.47,733,781,0
8792863,396.17,733,783,0
8792873,439.53,733,781,0
8792883,488.19,733,783,0
8792893,538.40,733,781,0
8792903,587.53,733,783,0
8792913,632.15,733,781,0
8792923,669.82,733,783,0
8792933,698.42,733,781,0
8792952,718.44,715,780,0
8792955,732.40,715,783,0
8792964,742.23,715,783,0
8792974,749.10,715,781,0
8792984,753.91,715,783,0
8792994,755.44,715,781,0
8793004,752.01,715,783,0
8793014,741.59,715,781,0
8793024,723.24,715,783,0
8793034,696.17,715,781,0
8793044,660.63,715,783,0
8793054,616.99,715,781,0
8793064,567.88,715,783,0
8793074,515.84,715,781,0
8793084,464.46,715,783,0
8793094,415.85,715,781,0
8793104,372.35,715,782,0
8793114,334.83,715,781,0
8793124,304.58,715,783,0
8793134,281.52,715,781,0
8793144,266.49,715,783,0
8793154,258.76,715,781,0
8793164,258.19,715,783,0
8793175,263.23,715,781,0
8793185,273.19,715,782,0
8793195,286.03,715,781,0
8793205,301.02,715,782,0
8793216,316.27,715,781,0
8793225,331.06,715,783,0
8793235,343.94,715,782,0
8793245,354.80,715,782,0
8793255,362.96,715,781,0
8793265,368.76,715,782,0
8793275,371.92,715,781,0
8793285,372.71,715,782,0
8793295,371.09,715,781,0
8793305,367.72,715,783,0
8793315,362.62,715,781,0
8793325,356.52,715,782,0
8793335,349.50,715,782,0
8793345,342.24,715,782,0
8793355,335.01,715,781,0
8793365,328.58,715,782,0
8793375,322.75,715,781,0
8793385,318.15,715,782,0
8793395,314.51,715,781,0
8793405,312.34,715,782,0
8793415,311.25,715,781,0
8793425,311.65,715,782,0
8793435,312.91,715,781,0
8793445,315.25,715,782,0
8793455,318.05,715,781,0
8793465,321.16,715,782,0
8793475,323.86,715,781,0
8793485,326.39,715,782,0
8793495,328.37,715,781,0
8793505,330.70,715,782,0
8793516,334.13,715,781,0
8793526,340.39,715,782,0
8793536,351.20,715,782,0
8793546,368.89,715,782,0
8793556,394.89,715,782,0
8793566,430.32,715,782,0
8793576,472.83,715,782,0
8793586,519.21,715,781,0
8793606,566.29,653,780,0
8793609,611.29,653,782,0
8793618,651.32,653,783,0
8793628,684.18,653,779,0
8793638,708.42,653,783,0
8793648,725.40,653,781,0
8793658,737.28,653,783,0
8793668,745.59,653,781,0
8793678,750.94,653,782,0
8793688,751.39,653,782,0
8793698,745.27,653,783,0
8793708,731.52,653,781,0
8793718,709.72,653,782,0
8793729,679.76,653,781,0
8793739,642.25,653,783,0
8793749,597.99,653,781,0
8793759,550.68,653,782,0
8793769,503.20,653,781,0
8793779,458.23,653,783,0
8793789,417.10,653,781,0
8793799,381.33,653,783,0
8793809,351.06,653,781,0
8793819,327.13,653,783,0
8793829,309.13,653,781,0
8793839,297.31,653,783,0
8793849,290.66,653,781,0
8793859,289.00,653,783,0
8793869,291.27,653,781,0
8793879,297.06,653,783,0
8793889,305.02,653,781,0
8793900,314.70,653,783,0
8793910,324.69,653,781,0
8793920,334.68,653,783,0
8793930,343.48,653,781,0
8793940,350.88,653,783,0
8793950,356.06,653,781,0
8793960,359.21,653,783,0
8793970,359.58,653,781,0
8793980,357.82,653,783,0
8793990,353.63,653,781,0
8794000,347.87,653,783,0
8794010,340.24,653,781,0
8794020,331.77,653,783,0
8794030,322.41,653,781,0
8794040,313.29,653,783,0
8794050,304.16,653,781,0
8794060,295.88,653,783,0
8794071,288.20,653,781,0
8794081,282.01,653,783,0
8794091,276.61,653,781,0
8794101,272.57,653,783,0
8794112,269.14,653,780,0
8794121,267.04,653,783,0
8794131,265.53,653,781,0
8794141,265.07,653,783,0
8794151,264.92,653,781,0
8794161,265.67,653,783,0
8794171,266.67,653,781,0
8794181,268.57,653,783,0
8794191,270.93,653,780,0
8794201,275.02,653,783,0
8794211,281.40,653,781,0
8794221,292.08,653,783,0
8794231,307.87,653,781,0
8794241,330.58,653,783,0
8794251,360.92,653,781,0
8794261,399.82,653,783,0
8794271,445.99,653,781,0
8794281,495.92,653,783,0
8794291,545.91,653,780,0
8794301,593.51,653,783,0
8794320,636.17,715,782,0
8794323,672.21,715,782,0
8794332,700.00,715,780,0
8794342,719.54,715,783,0
8794352,732.45,715,781,0
8794362,738.32,715,783,0
8794372,736.55,715,780,0
8794382,726.83,715,783,0
8794392,708.75,715,781,0
8794402,682.68,715,783,0
8794412,649.01,715,780,0
8794422,609.23,715,783,0
8794432,565.79,715,781,0
8794442,521.58,715,783,0
8794452,478.29,715,780,0
8794462,438.09,715,783,0
8794472,401.51,715,781,0
8794482,369.64,715,783,0
8794492,342.36,715,781,0
8794502,320.74,715,783,0
8794512,304.10,715,781,0
8794522,292.89,715,783,0
8794532,286.19,715,781,0
8794542,284.33,715,783,0
8794552,286.03,715,781,0
8794562,291.34,715,783,0
8794572,298.91,715,780,0
8794583,308.58,715,783,0
8794593,319.12,715,781,0
8794603,330.18,715,783,0
8794613,340.54,715,781,0
8794624,350.11,715,783,0
8794633,357.88,715,781,0
8794643,363.78,715,782,0
8794653,367.28,715,781,0
8794663,368.74,715,783,0
8794673,367.79,715,781,0
8794683,365.02,715,783,0
8794693,360.22,715,781,0
8794703,354.19,715,783,0
8794713,346.98,715,781,0
8794723,339.40,715,783,0
8794733,331.35,715,781,0
8794743,323.49,715,783,0
8794753,315.63,715,781,0
8794763,308.58,715,783,0
8794773,301.98,715,781,0
8794783,296.41,715,783,0
8794793,291.36,715,781,0
8794803,287.31,715,783,0
8794813,283.87,715,781,0
8794823,281.47,715,783,0
8794833,279.66,715,781,0
8794843,278.99,715,783,0
8794853,279.03,715,781,0
8794863,280.82,715,783,0
8794873,284.61,715,781,0
8794883,291.88,715,783,0
8794893,303.49,715,781,0
8794903,321.26,715,783,0
8794913,345.99,715,781,0
8794924,379.17,715,783,0
8794934,420.17,715,782,0
8794944,467.22,715,783,0
8794954,516.61,715,782,0
8794974,565.54,653,781,0
8794977,611.07,653,784,0
8794986,651.12,653,782,0
8794996,683.70,653,783,0
8795006,708.09,653,781,0
8795016,725.16,653,783,0
8795026,737.11,653,782,0
8795036,743.04,653,782,0
8795046,742.17,653,781,0
8795056,733.97,653,783,0
8795066,717.91,653,781,0
8795076,694.24,653,783,0
8795086,662.92,653,781,0
8795096,624.76,653,782,0
8795106,582.53,653,781,0
8795116,538.79,653,782,0
8795126,495.52,653,781,0
8795137,454.87,653,782,0
8795147,417.71,653,779,0
8795157,385.48,653,783,0
8795167,358.12,653,780,0
8795177,336.57,653,784,0
8795187,320.71,653,779,0
8795197,310.77,653,783,0
8795207,305.95,653,781,0
8795217,306.14,653,783,0
8795227,310.13,653,781,0
8795237,317.72,653,784,0
8795247,327.66,653,781,0
8795257,339.25,653,783,0
8795267,351.30,653,780,0
8795277,363.34,653,783,0
8795287,374.12,653,780,0
8795297,383.56,653,783,0
8795308,390.68,653,779,0
8795318,395.40,653,783,0
8795328,397.30,653,780,0
8795338,396.69,653,783,0
8795348,393.61,653,779,0
8795358,388.76,653,783,0
8795368,382.02,653,780,0
8795378,374.38,653,783,0
8795388,365.74,653,780,0
8795398,357.12,653,783,0
8795408,348.34,653,779,0
8795418,340.05,653,783,0
8795428,331.89,653,779,0
8795438,324.64,653,783,0
8795448,317.85,653,780,0
8795458,312.19,653,784,0
8795468,307.38,653,778,0
8795479,304.09,653,783,0
8795489,302.22,653,780,0
8795499,303.14,653,783,0
8795509,307.30,653,778,0
8795520,316.42,653,784,0
8795529,331.34,653,779,0
8795539,353.82,653,784,0
8795549,384.39,653,779,0
8795559,423.74,653,784,0
8795569,469.34,653,779,0
8795579,517.83,653,783,0
8795589,565.93,653,779,0
8795609,611.25,635,778,0
8795612,651.12,635,780,0
8795621,683.91,635,783,0
8795631,708.24,635,779,0
8795641,725.27,635,783,0
8795651,737.19,635,780,0
8795661,744.54,635,784,0
8795671,745.84,635,780,0
8795681,740.32,635,783,0
8795692,727.02,635,781,0
8795702,705.80,635,783,0
8795712,676.63,635,781,0
8795722,639.97,635,783,0
8795732,597.29,635,780,0
8795742,552.16,635,783,0
8795752,506.56,635,781,0
8795762,463.06,635,783,0
8795772,422.80,635,781,0
8795782,387.37,635,783,0
8795792,357.05,635,781,0
8795802,332.56,635,783,0
8795812,313.62,635,781,0
8795822,300.62,635,783,0
8795832,292.81,635,780,0
8795842,290.08,635,783,0
8795852,291.47,635,781,0
8795863,296.60,635,783,0
8795873,304.35,635,781,0
8795883,313.89,635,783,0
8795893,324.16,635,782,0
8795904,334.49,635,782,0
8795913,343.81,635,781,0
8795923,351.71,635,783,0
8795933,357.75,635,782,0
8795943,361.73,635,783,0
8795953,363.48,635,781,0
8795963,363.25,635,783,0
8795973,360.90,635,782,0
8795983,357.16,635,782,0
8795993,351.88,635,781,0
8796003,345.49,635,783,0
8796013,338.23,635,781,0
8796023,330.70,635,782,0
8796033,322.95,635,781,0
8796043,315.68,635,783,0
8796053,308.75,635,782,0
8796063,302.52,635,783,0
8796073,297.01,635,781,0
8796083,292.55,635,782,0
8796093,288.96,635,781,0
8796103,286.87,635,782,0
8796113,286.57,635,782,0
8796123,288.97,635,782,0
8796133,295.02,635,782,0
8796143,306.20,635,782,0
8796153,323.41,635,782,0
8796163,347.67,635,782,0
8796173,379.01,635,782,0
8796183,417.20,635,783,0
8796193,460.89,635,782,0
8796204,507.98,635,782,0
8796223,554.96,615,781,0
8796226,599.20,615,780,0
8796235,638.35,615,783,0
8796246,669.62,615,781,0
8796255,691.38,615,783,0
8796265,702.66,615,782,0
8796275,703.36,615,782,0
8796285,694.51,615,781,0
8796295,677.26,615,782,0
8796305,652.54,615,781,0
8796315,622.63,615,782,0
8796325,589.14,615,781,0
8796335,554.09,615,782,0
8796345,519.00,615,781,0
8796355,485.32,615,782,0
8796365,453.55,615,781,0
8796375,424.67,615,782,0
8796385,398.88,615,782,0
8796395,376.33,615,782,0
8796405,356.78,615,781,0
8796416,340.26,615,782,0
8796425,326.64,615,781,0
8796435,316.16,615,782,0
8796445,308.48,615,781,0
8796455,303.54,615,782,0
8796465,301.11,615,782,0
8796475,300.82,615,782,0
8796485,302.24,615,781,0
8796495,305.13,615,782,0
8796505,308.82,615,782,0
8796515,312.99,615,782,0
8796525,317.06,615,782,0
8796535,320.81,615,782,0
8796545,323.91,615,782,0
8796555,326.13,615,782,0
8796565,327.12,615,782,0
8796575,326.82,615,782,0
8796585,325.16,615,782,0
8796595,322.37,615,782,0
8796605,318.53,615,782,0
8796615,313.70,615,782,0
8796625,308.30,615,781,0
8796635,302.68,615,782,0
8796645,297.08,615,782,0
8796655,291.74,615,782,0
8796665,286.63,615,782,0
8796675,282.03,615,782,0
8796685,278.12,615,782,0
8796695,274.87,615,782,0
8796705,272.04,615,782,0
8796716,269.84,615,782,0
8796726,268.22,615,781,0
8796736,267.77,615,783,0
8796746,268.65,615,781,0
8796756,271.93,615,783,0
8796766,277.95,615,781,0
8796776,287.78,615,783,0
8796786,301.90,615,781,0
8796796,321.00,615,783,0
8796806,344.62,615,781,0
8796816,372.46,615,783,0
8796835,403.05,612,781,0
8796838,435.48,612,783,0
8796847,467.69,612,781,0
8796857,497.70,612,783,0
8796867,523.46,612,781,0
8796877,543.89,612,783,0
8796887,557.77,612,781,0
8796897,564.87,612,783,0
8796907,564.69,612,781,0
8796917,558.14,612,783,0
8796928,545.93,612,781,0
8796937,529.79,612,782,0
8796947,510.40,612,781,0
8796957,489.32,612,783,0
8796967,467.07,612,781,0
8796977,445.15,612,782,0
8796987,423.67,612,781,0
8796997,403.63,612,783,0
8797007,384.67,612,781,0
8797017,367.71,612,782,0
8797027,352.46,612,781,0
8797037,339.59,612,783,0
8797047,328.74,612,781,0
8797057,320.33,612,782,0
8797067,314.10,612,781,0
8797077,310.30,612,783,0
8797087,308.37,612,781,0
8797097,308.43,612,783,0
8797107,309.76,612,781,0
8797117,312.32,612,783,0
8797127,315.39,612,781,0
8797137,318.96,612,783,0
8797147,322.32,612,781,0
8797157,325.61,612,783,0
8797167,328.08,612,781,0
8797177,330.11,612,783,0
8797187,331.15,612,781,0
8797197,331.58,612,783,0
8797207,330.93,612,781,0
8797217,329.80,612,783,0
8797228,327.76,612,781,0
8797238,325.47,612,783,0
8797248,322.55,612,781,0
8797258,319.60,612,783,0
8797268,316.33,612,781,0
8797278,313.45,612,783,0
8797288,310.48,612,781,0
8797298,308.02,612,783,0
8797308,305.53,612,781,0
8797318,303.57,612,783,0
8797328,301.64,612,781,0
8797338,300.34,612,783,0
8797348,298.95,612,781,0
8797358,298.11,612,783,0
8797368,297.35,612,781,0
8797378,297.80,612,783,0
8797388,299.36,612,781,0
8797399,303.28,612,783,0
8797409,309.67,612,781,0
8797419,319.71,612,783,0
8797429,333.21,612,781,0
8797440,350.98,612,783,0
8797449,371.73,612,781,0
8797468,395.47,633,780,0
8797471,420.53,633,782,0
8797480,446.13,633,783,0
8797490,469.92,633,781,0
8797500,491.24,633,783,0
8797510,508.27,633,781,0
8797520,520.96,633,783,0
8797530,528.34,633,781,0
8797540,530.81,633,783,0
8797550,528.04,633,781,0
8797560,521.38,633,783,0
8797570,511.11,633,780,0
8797580,498.61,633,783,0
8797590,483.98,633,781,0
8797600,468.47,633,783,0
8797611,452.09,633,781,0
8797620,436.03,633,783,0
8797630,420.21,633,781,0
8797640,405.45,633,783,0
8797650,391.43,633,781,0
8797660,379.21,633,783,0
8797670,368.22,633,780,0
8797680,359.28,633,783,0
8797690,351.74,633,781,0
8797700,346.25,633,783,0
8797710,342.36,633,780,0
8797720,340.54,633,783,0
8797730,339.95,633,781,0
8797740,340.91,633,783,0
8797750,342.52,633,780,0
8797760,345.15,633,783,0
8797770,347.93,633,781,0
8797780,350.87,633,783,0
8797790,353.18,633,780,0
8797800,355.27,633,783,0
8797810,356.43,633,781,0
8797820,357.16,633,783,0
8797830,356.77,633,780,0
8797840,355.89,633,783,0
8797850,354.08,633,781,0
8797860,351.96,633,783,0
8797870,349.01,633,780,0
8797880,346.01,633,783,0
8797890,342.54,633,781,0
8797900,339.29,633,783,0
8797911,335.86,633,781,0
8797921,332.82,633,783,0
8797931,329.83,633,781,0
8797941,327.44,633,783,0
8797952,325.16,633,781,0
8797961,323.53,633,783,0
8797971,322.13,633,781,0
8797981,321.32,633,782,0
8797991,320.67,633,781,0
8798001,320.47,633,783,0
8798011,320.24,633,781,0
8798021,320.68,633,783,0
8798031,321.59,633,781,0
8798041,323.86,633,783,0
8798051,327.50,633,781,0
8798061,333.65,633,783,0
8798071,342.54,633,781,0
8798081,355.06,633,783,0
8798091,370.94,633,781,0
8798101,390.68,633,782,0
8798111,413.36,633,781,0
8798131,438.67,662,780,0
8798134,465.17,662,783,0
8798143,491.77,662,782,0
8798153,516.61,662,782,0
8798163,538.67,662,782,0
8798173,556.51,662,782,0
8798183,569.47,662,782,0
8798193,577.00,662,782,0
8798203,579.10,662,782,0
8798213,576.20,662,782,0
8798223,569.24,662,782,0
8798233,558.84,662,782,0
8798243,545.77,662,782,0
8798253,531.01,662,782,0
8798263,515.32,662,782,0
8798273,499.20,662,782,0
8798283,483.15,662,782,0
8798294,467.59,662,782,0
8798303,453.10,662,782,0
8798313,439.96,662,782,0
8798323,428.35,662,782,0
8798333,418.43,662,782,0
8798343,410.50,662,782,0
8798353,404.40,662,782,0
8798363,400.16,662,782,0
8798373,397.63,662,782,0
8798383,396.71,662,782,0
8798393,397.10,662,782,0
8798403,398.48,662,782,0
8798413,400.57,662,782,0
8798423,403.05,662,782,0
8798433,405.61,662,782,0
8798443,408.00,662,782,0
8798453,409.88,662,782,0
8798464,411.16,662,782,0
8798473,411.84,662,782,0
8798483,411.80,662,782,0
8798493,411.09,662,782,0
8798503,409.65,662,782,0
8798513,407.40,662,782,0
8798523,404.45,662,781,0
8798533,400.89,662,782,0
8798543,396.85,662,782,0
8798553,392.57,662,782,0
8798563,388.20,662,782,0
8798573,384.07,662,782,0
8798583,380.19,662,782,0
8798593,376.75,662,782,0
8798603,373.78,662,782,0
8798613,371.19,662,782,0
8798623,368.95,662,782,0
8798633,366.99,662,782,0
8798643,365.19,662,782,0
8798653,363.64,662,782,0
8798663,362.50,662,782,0
8798673,361.75,662,782,0
8798683,361.40,662,782,0
8798693,361.28,662,782,0
8798703,361.49,662,782,0
8798713,362.42,662,782,0
8798723,364.52,662,782,0
8798733,368.31,662,782,0
8798743,374.56,662,782,0
8798753,384.16,662,782,0
8798764,397.96,662,782,0
8798774,416.70,662,782,0
8798784,440.23,662,782,0
8798794,468.15,662,782,0
8798804,499.13,662,781,0
8798814,531.75,662,783,0
8798833,564.05,703,781,0
8798836,594.29,703,783,0
8798845,620.61,703,781,0
8798855,641.85,703,783,0
8798865,656.73,703,781,0
8798875,665.17,703,783,0
8798885,667.09,703,781,0
8798895,663.42,703,783,0
8798905,654.64,703,781,0
8798915,641.80,703,782,0
8798925,625.58,703,781,0
8798935,607.53,703,783,0
8798945,588.21,703,781,0
8798955,568.61,703,783,0
8798965,548.88,703,781,0
8798976,530.02,703,783,0
8798985,512.14,703,781,0
8798995,496.03,703,783,0
8799005,481.45,703,781,0
8799015,469.06,703,783,0
8799025,458.75,703,781,0
8799035,450.94,703,782,0
8799045,445.17,703,781,0
8799055,441.82,703,783,0
8799065,440.38,703,781,0
8799075,440.86,703,782,0
8799085,442.53,703,781,0
8799095,445.20,703,783,0
8799105,448.18,703,781,0
8799115,451.39,703,783,0
8799125,453.93,703,781,0
8799135,455.79,703,783,0
8799145,456.45,703,781,0
8799155,456.19,703,783,0
8799165,454.72,703,781,0
8799175,452.53,703,783,0
8799185,449.46,703,781,0
8799195,446.15,703,783,0
8799205,442.33,703,781,0
8799215,438.76,703,782,0
8799225,435.10,703,781,0
8799235,431.90,703,784,0
8799245,428.93,703,780,0
8799255,426.55,703,784,0
8799265,424.24,703,781,0
8799276,422.58,703,783,0
8799286,420.87,703,780,0
8799296,419.41,703,783,0
8799306,417.96,703,780,0
8799316,416.64,703,783,0
8799326,414.99,703,781,0
8799336,413.28,703,783,0
8799346,410.84,703,781,0
8799356,408.10,703,783,0
8799366,404.86,703,781,0
8799376,401.43,703,783,0
8799386,397.83,703,780,0
8799396,395.39,703,784,0
8799406,394.72,703,781,0
8799416,397.63,703,784,0
8799426,405.11,703,781,0
8799436,418.88,703,784,0
8799447,439.62,703,780,0
8799457,468.15,703,784,0
8799467,503.33,703,782,0
8799477,542.49,703,784,0
8799497,582.54,663,783,0
8799500,621.29,663,784,0
8799509,656.35,663,780,0
8799519,686.20,663,782,0
8799529,709.41,663,781,0
8799539,725.83,663,782,0
8799549,737.32,663,781,0
8799559,745.41,663,782,0
8799569,751.07,663,781,0
8799579,755.04,663,783,0
8799589,755.93,663,781,0
8799599,751.32,663,783,0
8799609,738.67,663,781,0
8799619,717.25,663,783,0
8799629,686.11,663,781,0
8799639,645.49,663,783,0
8799649,595.67,663,781,0
8799660,539.71,663,782,0
8799670,481.26,663,781,0
8799680,424.65,663,783,0
8799690,371.96,663,781,0
8799700,325.68,663,783,0
8799710,286.78,663,781,0
8799720,256.46,663,783,0
8799730,234.64,663,781,0
8799740,221.84,663,782,0
8799750,217.13,663,781,0
8799760,220.44,663,783,0
8799770,230.59,663,781,0
8799780,246.87,663,783,0
8799790,267.48,663,781,0
8799800,291.42,663,783,0
8799810,316.75,663,781,0
8799820,342.63,663,783,0
8799831,367.08,663,782,0
8799841,389.47,663,782,0
8799851,408.66,663,781,0
8799861,424.66,663,782,0
8799872,436.76,663,782,0
8799881,445.41,663,783,0
8799891,450.47,663,781,0
8799901,452.77,663,783,0
8799911,452.63,663,782,0
8799921,450.98,663,783,0
8799931,448.33,663,781,0
8799941,445.57,663,782,0
8799951,443.22,663,782,0
8799961,442.17,663,782,0
8799971,442.89,663,781,0
8799981,446.39,663,782,0
8799991,453.39,663,781,0
8800001,464.67,663,782,0
8800011,480.71,663,782,0
8800021,501.80,663,782,0
8800031,527.45,663,782,0
8800041,557.18,663,782,0
8800051,589.14,663,781,0
8800061,621.16,663,782,0
8800071,651.37,663,781,0
8800081,678.39,663,782,0
8800091,701.20,663,782,0
8800101,719.44,663,782,0
8800111,732.89,663,782,0
8800121,742.35,663,782,0
8800131,749.02,663,782,0
8800141,753.73,663,782,0
8800151,757.07,663,782,0
8800161,759.40,663,782,0
8800181,761.04,685,781,0
8800184,762.27,685,782,0
8800193,763.13,685,782,0
8800203,763.74,685,782,0
8800214,764.16,685,783,0
8800223,764.45,685,782,0
8800233,764.66,685,782,0
8800243,764.80,685,782,0
8800253,764.86,685,783,0
8800263,764.90,685,782,0
8800273,764.93,685,782,0
8800283,764.95,685,782,0
8800293,764.97,685,782,0
8800303,764.98,685,782,0
8800313,764.98,685,782,0
8800323,764.99,685,782,0
8800333,764.99,685,783,0
8800343,764.99,685,782,0
8800353,765.00,685,782,0
8800363,765.00,685,782,0
8800373,765.00,685,783,0
8800384,765.00,685,781,0
8800393,765.00,685,782,0
8800403,765.00,685,782,0
8800413,762.69,685,782,0
8800423,754.81,685,783,0
8800433,739.91,685,782,0
8800443,717.05,685,782,0
8800453,686.05,685,782,0
8800463,647.21,685,781,0
8800473,601.46,685,782,0
8800483,551.91,685,782,0
8800493,503.03,685,783,0
8800503,457.38,685,781,0
8800513,417.11,685,782,0
8800523,383.35,685,782,0
8800533,356.72,685,782,0
8800543,336.91,685,781,0
8800553,324.04,685,783,0
8800563,316.96,685,782,0
8800573,315.00,685,783,0
8800583,317.10,685,781,0
8800593,322.68,685,783,0
8800603,330.75,685,780,0
8800613,340.85,685,783,0
8800623,351.83,685,781,0
8800633,363.62,685,783,0
8800643,375.48,685,781,0
8800653,387.29,685,782,0
8800663,398.30,685,781,0
8800673,408.50,685,782,0
8800684,417.22,685,781,0
8800694,424.87,685,783,0
8800704,431.38,685,781,0
8800714,437.74,685,783,0
8800724,444.42,685,781,0
8800734,452.91,685,783,0
8800744,464.33,685,781,0
8800754,480.56,685,783,0
8800764,502.17,685,781,0
8800774,529.76,685,783,0
8800784,561.50,685,781,0
8800794,595.25,685,783,0
8800804,628.78,685,781,0
8800814,660.26,685,783,0
8800824,687.74,685,781,0
8800834,710.14,685,783,0
8800844,726.60,685,781,0
8800864,738.16,683,780,0
8800867,746.26,683,781,0
8800876,751.92,683,784,0
8800886,755.25,683,780,0
8800897,755.17,683,784,0
8800907,750.36,683,780,0
8800917,740.44,683,783,0
8800927,724.49,683,779,0
8800937,702.45,683,783,0
8800947,674.11,683,780,0
8800957,640.61,683,783,0
8800967,603.52,683,780,0
8800977,565.31,683,783,0
8800987,527.12,683,780,0
8800997,490.87,683,783,0
8801007,457.39,683,780,0
8801017,427.88,683,783,0
8801027,402.46,683,781,0
8801037,382.00,683,783,0
8801047,365.93,683,780,0
8801057,354.47,683,783,0
8801068,346.70,683,781,0
8801078,342.37,683,783,0
8801088,340.25,683,780,0
8801098,339.92,683,783,0
8801108,339.94,683,781,0
8801118,340.26,683,783,0
8801128,339.54,683,780,0
8801138,337.96,683,783,0
8801148,334.80,683,781,0
8801158,330.75,683,783,0
8801168,325.25,683,781,0
8801178,319.18,683,783,0
8801188,312.82,683,781,0
8801198,307.18,683,783,0
8801208,302.41,683,778,0
8801218,299.07,683,784,0
8801228,297.04,683,781,0
8801239,296.94,683,784,0
8801249,298.59,683,781,0
8801259,301.88,683,784,0
8801269,306.59,683,782,0
8801280,312.45,683,784,0
8801289,319.35,683,782,0
8801299,326.96,683,784,0
8801309,334.64,683,782,0
8801319,341.95,683,784,0
8801329,348.05,683,782,0
8801339,352.45,683,784,0
8801349,354.33,683,782,0
8801359,353.54,683,783,0
8801369,350.17,683,780,0
8801379,344.63,683,784,0
8801389,337.67,683,782,0
8801399,330.70,683,784,0
8801409,324.92,683,782,0
8801419,322.41,683,784,0
8801429,324.39,683,782,0
8801439,331.82,683,784,0
8801449,345.41,683,782,0
8801459,365.22,683,784,0
8801469,390.35,683,781,0
8801479,419.82,683,782,0
8801499,451.50,634,781,0
8801502,483.02,634,781,0
8801511,512.76,634,782,0
8801521,538.46,634,781,0
8801531,558.72,634,781,0
8801541,572.69,634,782,0
8801551,579.64,634,782,0
8801561,579.62,634,781,0
8801571,573.35,634,782,0
8801581,561.29,634,782,0
8801591,544.74,634,782,0
8801601,524.63,634,781,0
8801611,501.90,634,782,0
8801622,477.55,634,782,0
8801631,452.52,634,782,0
8801641,427.81,634,781,0
8801651,404.04,634,782,0
8801661,382.00,634,781,0
8801671,362.33,634,782,0
8801681,345.51,634,782,0
8801691,332.07,634,782,0
8801701,322.28,634,782,0
8801711,316.24,634,782,0
8801721,314.02,634,782,0
8801731,315.26,634,782,0
8801741,319.60,634,782,0
8801751,326.49,634,782,0
8801761,335.26,634,782,0
8801771,344.95,634,782,0
8801781,354.91,634,781,0
8801792,364.28,634,782,0
8801801,372.72,634,782,0
8801811,379.58,634,782,0
8801821,384.68,634,781,0
8801831,387.69,634,783,0
8801841,388.94,634,783,0
8801851,388.40,634,782,0
8801861,386.35,634,781,0
8801871,382.82,634,783,0
8801881,378.20,634,782,0
8801891,372.65,634,782,0
8801901,366.63,634,782,0
8801911,360.27,634,782,0
8801921,353.89,634,782,0
8801931,347.58,634,782,0
8801941,341.75,634,782,0
8801951,336.55,634,783,0
8801961,332.02,634,782,0
8801971,328.45,634,782,0
8801981,326.30,634,782,0
8801991,325.87,634,782,0
8802001,327.79,634,782,0
8802011,331.97,634,782,0
8802021,338.62,634,782,0
8802031,347.82,634,782,0
8802041,359.06,634,782,0
8802051,371.39,634,782,0
8802061,383.57,634,782,0
8802071,393.98,634,782,0
8802081,401.40,634,782,0
8802092,404.84,634,782,0
8802102,403.64,634,782,0
8802112,398.18,634,783,0
8802122,389.60,634,781,0
8802132,379.78,634,782,0
8802142,370.67,634,782,0
8802152,364.90,634,783,0
8802162,364.71,634,781,0
8802172,372.26,634,782,0
8802182,388.12,634,782,0
8802192,412.30,634,783,0
8802202,443.71,634,782,0
8802212,480.74,634,783,0
8802231,520.76,733,781,0
8802234,560.90,733,784,0
8802243,598.52,733,781,0
8802253,631.28,733,783,0
8802263,657.04,733,781,0
8802273,674.43,733,783,0
8802283,682.66,733,781,0
8802293,681.90,733,783,0
8802304,672.50,733,781,0
8802313,655.21,733,783,0
8802323,630.85,733,781,0
8802333,600.98,733,783,0
8802343,566.96,733,781,0
8802353,531.10,733,783,0
8802363,494.77,733,781,0
8802373,459.91,733,783,0
8802383,427.32,733,781,0
8802393,398.73,733,782,0
8802403,374.59,733,781,0
8802413,355.90,733,782,0
8802423,342.13,733,782,0
8802433,333.31,733,782,0
8802443,328.80,733,782,0
8802453,328.73,733,782,0
8802463,332.07,733,781,0
8802473,338.65,733,782,0
8802483,347.33,733,783,0
8802493,357.77,733,783,0
8802503,369.24,733,781,0
8802513,381.30,733,782,0
8802523,392.78,733,782,0
8802533,403.43,733,782,0
8802543,412.26,733,781,0
8802553,419.42,733,782,0
8802563,424.35,733,782,0
8802573,427.16,733,783,0
8802583,427.58,733,781,0
8802593,426.21,733,782,0
8802604,422.98,733,781,0
8802614,418.74,733,783,0
8802624,413.42,733,781,0
8802634,407.85,733,783,0
8802644,402.02,733,781,0
8802654,396.49,733,783,0
8802664,390.94,733,781,0
8802674,385.99,733,782,0
8802684,380.93,733,781,0
8802694,375.90,733,783,0
8802704,369.88,733,781,0
8802714,362.85,733,782,0
8802724,353.98,733,781,0
8802734,343.83,733,783,0
8802744,331.58,733,781,0
8802754,318.16,733,783,0
8802764,303.29,733,781,0
8802775,288.24,733,783,0
8802785,273.04,733,781,0
8802795,259.14,733,783,0
8802805,246.59,733,781,0
8802816,237.02,733,783,0
8802825,230.12,733,781,0
8802835,227.00,733,783,0
8802845,226.95,733,781,0
8802855,230.53,733,783,0
8802865,236.20,733,781,0
8802875,244.11,733,783,0
8802885,252.78,733,781,0
8802895,262.31,733,783,0
8802905,271.61,733,781,0
8802915,281.28,733,783,0
8802925,291.35,733,781,0
8802935,303.76,733,783,0
8802945,318.58,733,781,0
8802955,337.47,733,783,0
8802965,360.78,733,781,0
8802975,389.47,733,783,0
8802985,422.37,733,781,0
8802995,458.73,733,783,0
8803005,496.01,733,781,0
8803015,532.87,733,783,0
8803025,566.21,733,781,0
8803035,594.39,733,783,0
8803045,614.76,733,781,0
8803055,626.79,733,783,0
8803065,629.47,733,781,0
8803075,623.75,733,783,0
8803094,609.69,863,782,0
8803097,588.87,863,783,0
8803106,562.76,863,781,0
8803116,533.95,863,783,0
8803126,503.79,863,780,0
8803136,474.67,863,783,0
8803146,447.25,863,781,0
8803156,423.35,863,783,0
8803166,403.06,863,780,0
8803176,386.46,863,783,0
8803186,372.60,863,781,0
8803196,361.88,863,783,0
8803206,353.13,863,780,0
8803216,346.49,863,783,0
8803226,340.52,863,783,0
8803236,335.65,863,783,0
8803246,330.78,863,782,0
8803256,326.35,863,783,0
8803266,320.93,863,780,0
8803276,314.69,863,782,0
8803287,306.21,863,780,0
8803297,295.74,863,782,0
8803307,282.19,863,781,0
8803317,266.40,863,782,0
8803328,248.15,863,781,0
8803337,229.04,863,783,0
8803347,209.44,863,781,0
8803357,191.35,863,783,0
8803367,175.60,863,781,0
8803377,163.85,863,783,0
8803387,156.22,863,781,0
8803397,153.97,863,783,0
8803407,156.81,863,782,0
8803417,165.39,863,783,0
8803427,178.90,863,781,0
8803437,197.32,863,783,0
8803447,219.17,863,781,0
8803457,244.06,863,783,0
8803467,269.88,863,781,0
8803477,295.55,863,782,0
8803487,319.00,863,781,0
8803497,339.44,863,782,0
8803507,355.34,863,781,0
8803517,366.98,863,782,0
8803527,374.19,863,781,0
8803537,378.16,863,783,0
8803547,379.53,863,781,0
8803557,379.80,863,782,0
8803567,379.34,863,781,0
8803577,379.45,863,783,0
8803587,380.09,863,781,0
8803597,381.86,863,783,0
8803607,384.39,863,781,0
8803617,387.92,863,783,0
8803628,391.54,863,781,0
8803638,395.58,863,782,0
8803648,399.22,863,782,0
8803658,402.54,863,783,0
8803668,404.86,863,782,0
8803678,406.10,863,782,0
8803688,405.22,863,781,0
8803698,402.24,863,782,0
8803708,396.68,863,781,0
8803718,389.53,863,782,0
8803728,381.57,863,781,0
8803738,374.50,863,782,0
8803748,369.89,863,782,0
8803758,369.84,863,782,0
8803768,375.63,863,781,0
8803778,388.64,863,782,0
8803788,408.33,863,782,0
8803799,434.08,863,782,0
8803809,463.71,863,782,0
8803819,495.34,863,782,0
8803829,526.52,863,782,0
8803840,555.30,863,782,0
8803858,579.34,764,781,0
8803861,597.28,764,782,0
8803870,608.68,764,782,0
8803880,613.58,764,781,0
8803890,612.50,764,782,0
8803900,606.87,764,782,0
8803910,598.21,764,782,0
8803920,588.29,764,781,0
8803930,578.77,764,782,0
8803940,570.40,764,782,0
8803950,563.51,764,782,0
8803960,557.06,764,782,0
8803970,550.10,764,782,0
8803980,541.71,764,781,0
8803990,531.60,764,782,0
8804000,519.72,764,781,0
8804011,506.35,764,782,0
8804020,492.40,764,781,0
8804030,479.72,764,782,0
8804040,469.78,764,781,0
8804050,463.72,764,782,0
8804060,461.74,764,782,0
8804070,463.88,764,782,0
8804080,469.53,764,781,0
8804090,477.68,764,782,0
8804100,486.91,764,781,0
8804110,495.51,764,782,0
8804120,501.95,764,781,0
8804130,505.18,764,782,0
8804140,504.61,764,781,0
8804150,500.06,764,782,0
8804160,491.81,764,781,0
8804170,480.64,764,782,0
8804180,467.33,764,781,0
8804190,453.00,764,782,0
8804200,438.43,764,782,0
8804210,424.37,764,782,0
8804220,411.49,764,781,0
8804230,400.50,764,782,0
8804240,391.86,764,781,0
8804250,386.16,764,782,0
8804260,383.33,764,781,0
8804270,383.40,764,782,0
8804280,386.15,764,782,0
8804290,391.21,764,782,0
8804300,398.00,764,781,0
8804311,405.84,764,782,0
8804321,414.03,764,781,0
8804331,421.87,764,782,0
8804341,428.94,764,781,0
8804352,434.74,764,783,0
8804361,438.89,764,781,0
8804371,440.98,764,782,0
8804381,440.51,764,781,0
8804391,437.66,764,783,0
8804401,432.45,764,781,0
8804411,424.77,764,782,0
8804421,414.34,764,781,0
8804431,401.59,764,783,0
8804441,387.02,764,781,0
8804451,371.71,764,782,0
8804461,355.98,764,781,0
8804471,340.90,764,783,0
8804481,327.13,764,781,0
8804491,315.61,764,782,0
8804501,306.12,764,781,0
8804511,298.63,764,782,0
8804521,292.27,764,781,0
8804531,286.53,764,782,0
8804541,280.24,764,781,0
8804551,273.40,764,782,0
8804561,265.61,764,781,0
8804571,257.71,764,782,0
8804581,249.91,764,781,0
8804591,243.25,764,782,0
8804601,237.91,764,781,0
8804611,234.51,764,783,0
8804621,232.00,764,781,0
8804631,229.68,764,782,0
8804641,225.71,764,781,0
8804652,219.19,764,783,0
8804662,208.68,764,781,0
8804672,194.12,764,782,0
8804682,175.01,764,781,0
8804692,152.34,764,783,0
8804702,127.85,764,781,0
8804712,103.55,764,782,0
8804722,80.76,764,781,0
8804732,60.73,764,782,0
8804742,43.93,764,782,0
8804752,30.92,764,782,0
8804762,21.64,764,781,0
8804772,15.15,764,783,0
8804782,10.61,764,781,0
8804792,7.42,764,782,0
8804802,5.20,764,781,0
8804812,3.64,764,783,0
8804823,2.55,764,781,0
8804833,1.78,764,782,0
8804843,1.25,764,781,0
8804853,0.87,764,783,0
8804864,0.61,764,781,0
8804873,0.43,764,782,0
8804883,0.30,764,781,0
8804893,0.21,764,783,0
8804903,0.15,764,781,0
8804913,0.10,764,783,0
8804923,0.07,764,781,0
8804933,0.05,764,783,0
8804943,0.04,764,780,0
8804953,0.02,764,783,0
8804963,0.02,764,781,0
8804973,0.01,764,783,0
8804983,0.01,764,781,0
8804993,0.01,764,783,0
8805003,0.00,764,781,0
8805013,0.00,764,783,0
8805023,0.00,764,781,0
8805033,0.00,764,783,0
8805043,0.00,764,781,0
8805053,4.41,764,783,0
8805063,15.18,764,780,0
8805073,33.72,764,783,0
8805083,59.31,764,781,0
8805093,91.74,764,783,0
8805112,130.09,0,782,0
8805115,174.29,0,782,0
8805124,218.73,0,780,0
8805134,260.94,0,783,0
8805144,298.50,0,780,0
8805154,331.69,0,783,0
8805164,359.60,0,780,0
8805174,382.73,0,783,0
8805184,400.21,0,780,0
8805194,413.26,0,783,0
8805204,422.44,0,781,0
8805214,429.81,0,783,0
8805224,436.85,0,780,0
8805234,446.45,0,783,0
8805244,459.90,0,780,0
8805254,479.09,0,783,0
8805264,504.05,0,781,0
8805274,535.23,0,783,0
8805284,569.79,0,781,0
8805294,605.30,0,783,0
8805304,638.98,0,780,0
8805314,669.29,0,783,0
8805324,694.79,0,780,0
8805335,715.08,0,783,0
8805345,729.46,0,781,0
8805355,739.52,0,783,0
8805365,746.56,0,781,0
8805376,751.54,0,783,0
8805385,755.02,0,781,0
8805395,757.50,0,783,0
8805405,759.28,0,781,0
8805415,760.57,0,783,0
8805425,761.51,0,781,0
8805435,762.21,0,783,0
8805445,762.71,0,781,0
8805455,763.14,0,783,0
8805465,763.44,0,781,0
8805475,763.69,0,783,0
8805485,763.87,0,779,0
8805495,764.04,0,784,0
8805505,764.20,0,781,0
8805515,764.35,0,784,0
8805525,764.42,0,780,0
8805535,764.51,0,784,0
8805545,764.57,0,780,0
8805555,764.66,0,784,0
8805565,764.72,0,781,0
8805575,764.76,0,783,0
8805585,764.79,0,780,0
8805595,764.85,0,784,0
8805605,764.90,0,780,0
8805615,764.93,0,784,0
8805625,764.95,0,781,0
8805635,764.96,0,784,0
8805645,764.97,0,781,0
8805655,764.98,0,784,0
8805665,764.99,0,781,0
8805676,764.99,0,784,0
8805686,764.99,0,782,0
8805696,765.00,0,784,0
8805706,765.00,0,782,0
8805716,765.00,0,784,0
8805726,765.00,0,781,0
8805736,765.04,0,784,0
8805746,765.07,0,783,0
8805756,765.14,0,783,0
8805766,765.18,0,783,0
8805776,765.26,0,783,0
8805786,765.31,0,783,0
8805796,765.39,0,783,0
8805806,765.44,0,780,0
8805816,765.52,0,781,0
8805826,765.58,0,780,0
8805836,765.66,0,782,0
8805847,765.72,0,780,0
8805857,765.81,0,782,0
8805867,765.86,0,782,0
8805877,765.90,0,781,0
8805888,765.93,0,782,0
8805897,765.95,0,782,0
8805916,765.97,804,781,0
8805919,765.98,804,781,0
8805929,765.98,804,783,0
8805939,765.99,804,781,0
8805949,765.99,804,782,0
8805959,765.99,804,781,0
8805969,766.00,804,782,0
8805979,766.00,804,782,0
8805989,766.00,804,782,0
8805999,766.00,804,781,0
8806009,766.00,804,782,0
8806019,766.00,804,782,0
8806029,766.00,804,782,0
8806039,766.00,804,782,0
8806049,766.00,804,782,0
8806060,766.00,804,781,0
8806070,766.00,804,782,0
8806080,766.00,804,781,0
8806090,766.00,804,782,0
8806100,766.00,804,781,0
8806110,766.00,804,783,0
8806120,766.00,804,781,0
8806130,766.00,804,782,0
8806140,766.00,804,781,0
8806150,766.00,804,783,0
8806160,766.00,804,781,0
8806170,766.00,804,782,0
8806180,765.96,804,781,0
8806190,765.93,804,783,0
8806200,765.91,804,781,0
8806210,765.89,804,783,0
8806220,765.84,804,783,0
8806231,765.80,804,783,0
8806241,765.78,804,781,0
8806251,765.80,804,783,0
8806261,765.82,804,781,0
8806272,765.83,804,783,0
8806281,765.84,804,781,0
8806291,765.89,804,783,0
8806301,765.92,804,781,0
8806311,765.94,804,783,0
8806321,765.96,804,781,0
8806331,765.97,804,783,0
8806341,765.98,804,781,0
8806351,765.99,804,783,0
8806361,765.99,804,780,0
8806371,765.99,804,784,0
8806381,766.00,804,781,0
8806391,766.00,804,784,0
8806401,766.00,804,782,0
8806411,766.00,804,784,0
8806421,766.00,804,782,0
8806431,766.00,804,784,0
8806441,766.00,804,782,0
8806451,766.00,804,784,0
8806461,766.00,804,783,0
8806471,766.00,804,784,0
8806481,766.00,804,782,0
8806491,766.00,804,784,0
8806501,766.00,804,782,0
8806511,766.00,804,782,0
8806521,766.00,804,780,0
8806531,766.04,804,782,0
8806541,766.07,804,780,0
8806551,766.14,804,782,0
8806561,766.18,804,780,0
8806572,766.26,804,782,0
8806582,766.31,804,780,0
8806592,766.34,804,784,0
8806602,766.33,804,781,0
8806612,766.31,804,784,0
8806622,766.26,804,780,0
8806632,766.27,804,783,0
8806642,766.23,804,780,0
8806652,764.75,804,784,0
8806662,758.48,804,781,0
8806672,745.48,804,783,0
8806682,724.34,804,780,0
8806692,694.96,804,782,0
8806702,657.69,804,781,0
8806712,613.38,804,783,0
8806722,564.15,804,781,0
8806732,514.65,804,783,0
8806743,467.66,804,781,0
8806753,425.93,804,783,0
8806763,390.38,804,780,0
8806773,361.81,804,783,0
8806784,340.01,804,780,0
8806793,325.09,804,783,0
8806803,316.02,804,779,0
8806813,312.37,804,784,0
8806823,312.65,804,781,0
8806833,316.31,804,784,0
8806843,321.87,804,780,0
8806853,328.77,804,783,0
8806863,335.74,804,780,0
8806873,342.50,804,783,0
8806883,348.27,804,779,0
8806893,353.16,804,784,0
8806903,356.58,804,780,0
8806913,358.98,804,782,0
8806923,360.23,804,780,0
8806933,361.02,804,783,0
8806943,361.18,804,781,0
8806953,361.47,804,782,0
8806963,361.84,804,780,0
8806973,362.88,804,783,0
8806983,364.37,804,780,0
8806993,366.92,804,782,0
8807003,369.98,804,781,0
8807013,374.06,804,782,0
8807023,378.29,804,781,0
8807033,382.96,804,782,0
8807043,387.17,804,781,0
8807053,391.15,804,783,0
8807063,393.93,804,781,0
8807073,396.01,804,782,0
8807084,396.86,804,781,0
8807094,397.63,804,782,0
8807104,398.51,804,781,0
8807114,401.49,804,782,0
8807124,407.51,804,781,0
8807134,418.46,804,782,0
8807144,435.12,804,781,0
8807154,458.70,804,782,0
8807164,488.49,804,781,0
8807183,523.70,0,780,0
8807186,561.63,0,783,0
8807195,599.80,0,782,0
8807205,635.43,0,782,0
8807215,666.03,0,782,0
8807225,688.56,0,781,0
8807235,702.02,0,782,0
8807245,705.23,0,782,0
8807255,699.16,0,782,0
8807265,684.16,0,781,0
8807275,661.65,0,782,0
8807285,632.96,0,782,0
8807296,600.70,0,782,0
8807305,566.25,0,781,0
8807315,531.84,0,782,0
8807325,498.29,0,781,0
8807335,467.26,0,782,0
8807345,438.94,0,781,0
8807355,414.19,0,782,0
8807365,392.79,0,781,0
8807375,374.89,0,782,0
8807385,360.01,0,781,0
8807395,348.35,0,782,0
8807405,339.42,0,781,0
8807415,333.59,0,781,0
8807425,330.20,0,781,0
8807435,329.41,0,782,0
8807445,330.83,0,781,0
8807455,334.44,0,782,0
8807465,339.58,0,781,0
8807475,346.22,0,782,0
8807485,353.35,0,782,0
8807495,360.75,0,783,0
8807505,367.64,0,782,0
8807515,373.87,0,782,0
8807525,378.54,0,781,0
8807535,381.51,0,782,0
8807545,382.38,0,782,0
8807555,381.41,0,782,0
8807565,378.80,0,781,0
8807575,374.79,0,782,0
8807585,369.54,0,781,0
8807596,363.85,0,781,0
8807606,358.19,0,782,0
8807616,352.86,0,782,0
8807626,348.11,0,782,0
8807636,343.92,0,782,0
8807646,340.38,0,782,0
8807656,337.65,0,782,0
8807666,335.57,0,782,0
8807676,333.99,0,782,0
8807686,332.96,0,781,0
8807696,332.72,0,782,0
8807706,333.19,0,782,0
8807716,334.42,0,782,0
8807726,336.13,0,781,0
8807736,338.54,0,782,0
8807746,341.38,0,782,0
8807756,344.65,0,782,0
8807767,347.93,0,782,0
8807777,351.25,0,781,0
8807787,354.43,0,782,0
8807797,357.39,0,781,0
8807808,359.93,0,782,0
8807817,362.09,0,781,0
8807827,363.69,0,782,0
8807837,364.77,0,781,0
8807847,365.40,0,782,0
8807857,365.45,0,781,0
8807867,364.97,0,782,0
8807877,363.91,0,781,0
8807887,362.26,0,782,0
8807897,360.13,0,781,0
8807907,357.48,0,782,0
8807917,354.50,0,781,0
8807927,351.57,0,782,0
8807937,349.30,0,781,0
8807947,348.52,0,782,0
8807957,350.17,0,781,0
8807967,355.43,0,782,0
8807977,365.37,0,781,0
8807987,380.65,0,782,0
8807997,401.75,0,781,0
8808007,428.48,0,782,0
8808027,459.54,843,782,0
8808030,493.45,843,785,0
8808039,527.99,843,780,0
8808049,560.65,843,784,0
8808059,589.00,843,777,0
8808069,611.28,843,784,0
8808079,625.51,843,778,0
8808089,631.49,843,784,0
8808099,628.68,843,780,0
8808109,618.02,843,783,0
8808119,600.70,843,780,0
8808129,578.55,843,783,0
8808139,552.80,843,779,0
8808150,525.64,843,783,0
8808159,498.24,843,778,0
8808169,472.28,843,783,0
8808179,448.15,843,779,0
8808189,426.59,843,784,0
8808199,407.56,843,780,0
8808209,391.40,843,784,0
8808219,377.65,843,778,0
8808229,366.53,843,784,0
8808239,357.46,843,779,0
8808249,350.81,843,784,0
8808259,346.19,843,778,0
8808269,343.95,843,783,0
8808279,343.45,843,780,0
8808289,345.11,843,783,0
8808299,347.99,843,779,0
8808309,352.41,843,783,0
8808320,357.47,843,779,0
8808329,363.07,843,784,0
8808339,368.41,843,780,0
8808349,373.43,843,784,0
8808359,377.37,843,779,0
8808369,380.56,843,784,0
8808379,382.32,843,778,0
8808389,382.91,843,784,0
8808399,382.12,843,778,0
8808409,380.24,843,784,0
8808419,377.21,843,778,0
8808429,373.59,843,782,0
8808439,369.21,843,778,0
8808449,364.69,843,783,0
8808459,359.90,843,777,0
8808469,355.26,843,783,0
8808479,350.81,843,779,0
8808489,346.92,843,783,0
8808499,343.13,843,778,0
8808509,340.01,843,783,0
8808519,337.26,843,777,0
8808529,335.17,843,783,0
8808539,333.62,843,778,0
8808549,332.70,843,783,0
8808559,332.19,843,779,0
8808569,332.39,843,783,0
8808579,332.70,843,778,0
8808589,333.35,843,783,0
8808599,333.97,843,777,0
8808609,334.80,843,784,0
8808620,335.37,843,779,0
8808630,335.99,843,784,0
8808640,336.29,843,779,0
8808650,336.76,843,784,0
8808660,336.96,843,778,0
8808670,337.32,843,783,0
8808680,337.35,843,780,0
8808690,337.63,843,783,0
8808700,337.53,843,779,0
8808710,337.63,843,783,0
8808720,337.48,843,779,0
8808730,337.59,843,783,0
8808740,338.06,843,777,0
8808750,339.76,843,783,0
8808760,343.13,843,780,0
8808770,349.73,843,783,0
8808780,359.97,843,780,0
8808791,375.15,843,782,0
8808801,395.29,843,780,0
8808820,420.49,794,779,0
8808823,449.66,794,782,0
8808833,481.90,794,783,0
8808843,514.50,794,781,0
8808853,545.72,794,782,0
8808863,572.98,794,781,0
8808873,594.88,794,783,0
8808883,610.13,794,779,0
8808893,618.15,794,782,0
8808903,618.32,794,780,0
8808913,611.80,794,782,0
8808923,599.39,794,781,0
8808933,582.68,794,782,0
8808943,562.64,794,781,0
8808953,540.67,794,783,0
8808963,518.06,794,779,0
8808973,495.97,794,783,0
8808983,474.89,794,781,0
8808993,455.42,794,783,0
8809004,437.77,794,781,0
8809014,422.41,794,782,0
8809024,408.96,794,781,0
8809034,397.66,794,782,0
8809044,388.29,794,781,0
8809054,381.30,794,782,0
8809064,376.33,794,781,0
8809074,373.36,794,782,0
8809084,372.18,794,782,0
8809094,372.81,794,782,0
8809104,374.92,794,781,0
8809114,378.25,794,782,0
8809124,382.37,794,781,0
8809134,387.02,794,782,0
8809144,391.68,794,782,0
8809154,396.02,794,784,0
8809164,399.79,794,783,0
8809175,402.64,794,781,0
8809185,404.63,794,782,0
8809195,405.26,794,783,0
8809205,404.79,794,783,0
8809216,403.18,794,781,0
8809225,400.86,794,782,0
8809235,397.73,794,781,0
8809245,393.95,794,783,0
8809255,389.51,794,781,0
8809265,384.94,794,783,0
8809275,380.25,794,782,0
8809285,376.01,794,782,0
8809295,372.02,794,780,0
8809305,368.63,794,781,0
8809315,365.57,794,782,0
8809325,363.26,794,783,0
8809335,361.34,794,782,0
8809345,360.12,794,782,0
8809355,359.23,794,781,0
8809365,358.82,794,783,0
8809375,358.61,794,780,0
8809385,359.03,794,782,0
8809395,359.54,794,781,0
8809405,360.40,794,783,0
8809415,361.10,794,782,0
8809425,361.84,794,783,0
8809435,362.40,794,783,0
8809445,363.05,794,783,0
8809455,363.51,794,783,0
8809465,364.08,794,784,0
8809475,364.62,794,783,0
8809485,365.50,794,783,0
8809495,366.51,794,781,0
8809505,368.16,794,783,0
8809516,370.21,794,781,0
8809526,373.75,794,783,0
8809536,379.18,794,780,0
8809546,387.83,794,783,0
8809556,400.18,794,780,0
8809566,417.27,794,783,0
8809576,438.74,794,780,0
8809586,465.22,794,783,0
8809606,495.24,785,782,0
8809609,527.74,785,783,0
8809618,560.52,785,778,0
8809628,591.86,785,784,0
8809638,619.25,785,778,0
8809648,641.72,785,784,0
8809658,657.23,785,778,0
8809668,665.56,785,784,0
8809678,666.34,785,778,0
8809688,660.45,785,784,0
8809698,648.44,785,779,0
8809708,631.85,785,784,0
8809718,611.41,785,778,0
8809729,588.96,785,784,0
8809739,565.40,785,778,0
8809749,541.97,785,784,0
8809759,518.92,785,778,0
8809769,497.26,785,784,0
8809779,477.34,785,778,0
8809789,459.58,785,784,0
8809799,443.98,785,778,0
8809809,430.70,785,784,0
8809819,419.69,785,778,0
8809829,411.34,785,782,0
8809839,405.28,785,780,0
8809849,401.68,785,782,0
8809859,399.93,785,780,0
8809869,400.21,785,782,0
8809879,402.03,785,778,0
8809889,405.32,785,784,0
8809900,409.21,785,778,0
8809910,413.69,785,784,0
8809920,417.81,785,778,0
8809930,421.81,785,784,0
8809940,424.91,785,779,0
8809950,427.29,785,784,0
8809960,428.49,785,778,0
8809970,428.86,785,783,0
8809980,427.92,785,780,0
8809990,426.27,785,782,0
8810000,423.70,785,780,0
8810010,420.49,785,784,0
8810020,416.53,785,780,0
8810030,412.30,785,784,0
8810040,407.67,785,779,0
8810050,403.14,785,784,0
8810060,398.55,785,779,0
8810071,394.36,785,783,0
8810081,390.57,785,779,0
8810091,387.35,785,783,0
8810101,384.55,785,780,0
8810112,382.33,785,782,0
8810121,380.56,785,777,0
8810131,379.15,785,783,0
8810141,377.90,785,779,0
8810151,376.90,785,783,0
8810161,375.99,785,778,0
8810171,375.35,785,783,0
8810181,374.77,785,779,0
8810191,374.24,785,783,0
8810201,373.78,785,779,0
8810211,373.42,785,784,0
8810221,373.21,785,779,0
8810231,373.40,785,783,0
8810241,374.01,785,779,0
8810251,375.72,785,784,0
8810261,379.23,785,780,0
8810271,385.59,785,783,0
8810281,395.87,785,779,0
8810291,410.52,785,784,0
8810301,429.95,785,780,0
8810311,454.44,785,784,0
8810321,483.28,785,780,0
8810331,515.38,785,784,0
8810341,548.82,785,780,0
8810360,581.62,755,779,0
8810363,611.65,755,783,0
8810372,637.64,755,783,0
8810382,657.72,755,780,0
8810392,671.00,755,784,0
8810402,676.92,755,781,0
8810412,675.91,755,783,0
8810422,668.44,755,780,0
8810432,655.58,755,783,0
8810442,638.09,755,781,0
8810452,617.28,755,783,0
8810462,594.57,755,780,0
8810472,571.04,755,783,0
8810482,547.63,755,780,0
8810492,524.90,755,783,0
8810502,503.80,755,780,0
8810512,484.44,755,783,0
8810522,467.21,755,781,0
8810532,452.11,755,782,0
8810542,439.26,755,780,0
8810552,428.60,755,783,0
8810562,420.36,755,780,0
8810572,414.21,755,782,0
8810583,410.33,755,781,0
8810593,408.60,755,782,0
8810603,408.81,755,782,0
8810613,410.58,755,782,0
8810624,413.71,755,782,0
8810633,417.69,755,782,0
8810643,422.33,755,782,0
8810653,426.90,755,782,0
8810663,431.22,755,782,0
8810673,434.75,755,782,0
8810683,437.57,755,782,0
8810693,439.07,755,782,0
8810703,439.48,755,782,0
8810713,438.48,755,782,0
8810723,436.41,755,782,0
8810733,433.16,755,782,0
8810743,429.08,755,782,0
8810753,424.17,755,783,0
8810763,418.93,755,782,0
8810773,413.30,755,782,0
8810783,407.81,755,782,0
8810793,402.38,755,782,0
8810803,397.42,755,782,0
8810813,392.88,755,782,0
8810823,389.02,755,782,0
8810833,385.75,755,781,0
8810843,383.39,755,781,0
8810853,381.60,755,781,0
8810863,380.65,755,782,0
8810873,379.98,755,782,0
8810883,379.94,755,782,0
8810893,380.09,755,783,0
8810903,380.66,755,782,0
8810913,381.41,755,782,0
8810924,383.08,755,783,0
8810934,385.93,755,782,0
8810944,391.35,755,783,0
8810954,399.73,755,781,0
8810964,412.67,755,783,0
8810974,430.30,755,782,0
8810984,453.39,755,783,0
8810994,481.26,755,781,0
8811004,513.24,755,783,0
8811014,547.41,755,782,0
8811024,582.34,755,783,0
8811043,615.28,683,782,0
8811046,644.26,683,784,0
8811055,667.66,683,781,0
8811065,684.44,683,783,0
8811075,693.52,683,781,0
8811085,695.08,683,784,0
8811095,689.10,683,781,0
8811105,676.73,683,783,0
8811115,658.98,683,781,0
8811125,636.96,683,784,0
8811136,611.60,683,780,0
8811145,584.98,683,783,0
8811155,557.68,683,781,0
8811165,531.08,683,784,0
8811175,505.47,683,780,0
8811185,482.14,683,783,0
8811195,460.89,683,780,0
8811205,442.49,683,783,0
8811215,426.44,683,780,0
8811225,413.45,683,783,0
8811235,403.12,683,780,0
8811245,395.88,683,784,0
8811255,391.12,683,780,0
8811265,389.20,683,783,0
8811275,389.48,683,780,0
8811285,392.08,683,784,0
8811295,395.91,683,780,0
8811305,400.87,683,783,0
8811315,406.01,683,780,0
8811325,411.53,683,784,0
8811335,416.52,683,780,0
8811345,420.95,683,783,0
8811355,424.01,683,780,0
8811365,426.15,683,784,0
8811375,426.83,683,780,0
8811385,426.62,683,784,0
8811395,424.85,683,781,0
8811405,422.11,683,784,0
8811415,418.13,683,780,0
8811425,413.59,683,784,0
8811436,408.19,683,779,0
8811446,402.60,683,784,0
8811456,396.59,683,779,0
8811466,390.84,683,784,0
8811476,385.15,683,779,0
8811486,380.09,683,784,0
8811496,375.26,683,779,0
8811506,371.33,683,784,0
8811516,367.84,683,778,0
8811526,365.28,683,784,0
8811536,363.05,683,779,0
8811546,361.66,683,784,0
8811556,360.56,683,779,0
8811566,360.52,683,784,0
8811576,361.05,683,779,0
8811586,363.14,683,784,0
8811596,367.08,683,779,0
8811607,374.39,683,784,0
8811617,385.46,683,779,0
8811627,401.90,683,784,0
8811637,423.83,683,778,0
8811648,451.87,683,784,0
8811657,484.57,683,779,0
8811667,520.87,683,784,0
8811677,558.45,683,778,0
8811697,595.30,653,777,0
8811700,628.21,653,780,0
8811709,655.62,653,784,0
8811719,675.23,653,779,0
8811729,686.56,653,784,0
8811739,689.18,653,778,0
8811749,683.38,653,784,0
8811759,669.94,653,779,0
8811769,650.67,653,784,0
8811779,626.64,653,778,0
8811789,599.71,653,783,0
8811799,571.38,653,778,0
8811809,542.98,653,783,0
8811820,515.73,653,779,0
8811830,490.40,653,783,0
8811840,467.43,653,780,0
8811850,447.03,653,783,0
8811860,429.37,653,780,0
8811870,414.47,653,783,0
8811880,402.33,653,779,0
8811890,392.80,653,783,0
8811900,386.00,653,780,0
8811910,381.67,653,784,0
8811920,379.63,653,779,0
8811930,379.74,653,783,0
8811940,381.70,653,780,0
8811950,385.05,653,784,0
8811960,389.41,653,779,0
8811970,394.00,653,783,0
8811980,398.63,653,780,0
8811991,402.94,653,783,0
8812001,406.77,653,780,0
8812011,409.63,653,783,0
8812021,411.45,653,781,0
8812032,411.87,653,783,0
8812041,411.23,653,780,0
8812051,409.32,653,783,0
8812061,406.48,653,781,0
8812071,402.48,653,783,0
8812081,397.83,653,780,0
8812091,392.53,653,783,0
8812101,387.05,653,781,0
8812111,381.47,653,783,0
8812121,376.18,653,780,0
8812131,371.07,653,783,0
8812141,366.51,653,781,0
8812151,362.41,653,783,0
8812161,358.95,653,780,0
8812171,356.13,653,783,0
8812181,354.12,653,781,0
8812191,352.59,653,783,0
8812201,351.60,653,782,0
8812211,351.03,653,783,0
8812221,351.02,653,781,0
8812231,351.62,653,783,0
8812241,353.49,653,782,0
8812251,356.86,653,783,0
8812261,362.94,653,781,0
8812271,372.65,653,783,0
8812281,387.07,653,782,0
8812291,406.59,653,783,0
8812301,431.61,653,781,0
8812311,461.34,653,783,0
8812321,494.80,653,782,0
8812332,529.87,653,783,0
8812351,564.37,655,781,0
8812354,595.20,655,780,0
8812363,621.20,655,783,0
8812374,639.91,655,781,0
8812383,650.65,655,783,0
8812393,652.86,655,781,0
8812403,647.03,655,783,0
8812413,633.78,655,781,0
8812423,615.33,655,783,0
8812433,592.13,655,781,0
8812443,566.72,655,783,0
8812453,539.85,655,781,0
8812463,513.41,655,783,0
8812473,488.00,655,781,0
8812483,464.86,655,783,0
8812493,443.69,655,781,0
8812503,425.31,655,783,0
8812513,409.14,655,781,0
8812523,395.73,655,783,0
8812533,384.45,655,781,0
8812544,375.87,655,783,0
8812553,369.36,655,781,0
8812563,365.35,655,783,0
8812573,363.06,655,781,0
8812583,362.74,655,783,0
8812593,364.02,655,780,0
8812603,366.84,655,782,0
8812613,370.45,655,778,0
8812623,374.81,655,783,0
8812633,379.20,655,780,0
8812643,383.60,655,783,0
8812653,387.19,655,779,0
8812663,389.92,655,783,0
8812673,391.40,655,781,0
8812683,391.84,655,782,0
8812693,390.94,655,781,0
8812703,388.99,655,782,0
8812713,385.99,655,780,0
8812723,382.69,655,783,0
8812733,378.76,655,781,0
8812743,374.59,655,782,0
8812753,370.13,655,781,0
8812763,365.76,655,782,0
8812773,361.59,655,780,0
8812783,357.85,655,782,0
8812793,354.30,655,781,0
8812803,351.34,655,782,0
8812813,348.84,655,780,0
8812823,346.96,655,782,0
8812833,345.51,655,781,0
8812844,344.63,655,782,0
8812854,344.01,655,780,0
8812864,343.92,655,783,0
8812874,344.03,655,780,0
8812884,344.58,655,783,0
8812894,345.39,655,780,0
8812904,347.07,655,782,0
8812914,349.84,655,780,0
8812924,354.90,655,783,0
8812934,362.60,655,780,0
8812944,374.21,655,783,0
8812954,390.34,655,780,0
8812964,411.76,655,783,0
8812974,437.84,655,780,0
8812984,468.02,655,783,0
8812994,500.41,655,780,0
8813014,533.50,662,779,0
8813017,564.38,662,780,0
8813026,591.35,662,783,0
8813036,612.16,662,778,0
8813046,625.66,662,784,0
8813057,630.86,662,778,0
8813067,628.12,662,784,0
8813077,617.80,662,778,0
8813087,601.57,662,783,0
8813097,580.27,662,779,0
8813107,555.85,662,783,0
8813117,529.66,662,779,0
8813127,503.32,662,783,0
8813137,477.60,662,780,0
8813147,453.63,662,783,0
8813157,431.76,662,780,0
8813167,412.54,662,783,0
8813177,395.71,662,780,0
8813187,381.74,662,783,0
8813197,370.33,662,780,0
8813207,361.75,662,783,0
8813217,355.52,662,780,0
8813228,351.94,662,783,0
8813238,350.46,662,780,0
8813248,351.18,662,783,0
8813258,353.39,662,780,0
8813268,357.09,662,783,0
8813278,361.56,662,780,0
8813288,366.62,662,783,0
8813298,371.71,662,779,0
8813308,376.60,662,783,0
8813318,380.87,662,779,0
8813328,384.30,662,783,0
8813338,386.65,662,779,0
8813348,387.83,662,783,0
8813358,387.92,662,779,0
8813368,386.79,662,783,0
8813378,384.58,662,779,0
8813388,381.36,662,784,0
8813399,377.48,662,781,0
8813409,373.10,662,783,0
8813419,368.57,662,780,0
8813429,363.85,662,783,0
8813440,359.40,662,781,0
8813449,355.25,662,783,0
8813459,351.57,662,780,0
8813469,348.40,662,783,0
8813479,345.71,662,782,0
8813489,343.48,662,783,0
8813499,341.88,662,780,0
8813509,340.76,662,783,0
8813519,340.10,662,781,0
8813529,339.86,662,783,0
8813539,339.86,662,780,0
8813549,340.07,662,783,0
8813559,340.56,662,781,0
8813569,341.21,662,782,0
8813579,342.05,662,780,0
8813589,343.19,662,783,0
8813599,345.15,662,781,0
8813609,348.70,662,782,0
8813619,354.53,662,781,0
8813629,363.55,662,782,0
8813639,376.71,662,780,0
8813649,394.45,662,783,0
8813659,416.82,662,780,0
8813669,443.32,662,783,0
8813679,472.96,662,781,0
8813689,504.26,662,783,0
8813708,534.95,695,781,0
8813711,562.44,695,781,0
8813720,585.32,695,781,0
8813730,602.24,695,781,0
8813740,611.98,695,780,0
8813750,613.92,695,780,0
8813760,608.03,695,781,0
8813770,594.95,695,783,0
8813780,576.62,695,783,0
8813790,553.98,695,783,0
8813800,528.53,695,783,0
8813810,501.71,695,783,0
8813820,474.97,695,783,0
8813830,449.44,695,783,0
8813840,426.25,695,782,0
8813850,405.34,695,782,0
8813860,387.28,695,782,0
8813870,372.20,695,781,0
8813880,360.05,695,781,0
8813890,350.82,695,781,0
8813900,344.40,695,781,0
8813911,340.51,695,781,0
8813921,339.07,695,782,0
8813931,339.57,695,781,0
8813941,341.71,695,782,0
8813952,345.35,695,780,0
8813961,349.92,695,782,0
8813971,355.09,695,781,0
8813981,360.20,695,782,0
8813991,364.94,695,781,0
8814001,369.20,695,782,0
8814011,372.61,695,781,0
8814021,375.00,695,782,0
8814031,376.29,695,781,0
8814041,376.59,695,782,0
8814051,376.07,695,781,0
8814061,374.76,695,782,0
8814071,372.60,695,781,0
8814081,369.77,695,782,0
8814091,366.36,695,781,0
8814101,362.70,695,782,0
8814111,358.67,695,781,0
8814121,354.83,695,784,0
8814131,351.19,695,781,0
8814141,348.09,695,783,0
8814151,345.37,695,781,0
8814161,343.28,695,784,0
8814171,341.57,695,781,0
8814181,340.71,695,783,0
8814191,339.94,695,781,0
8814201,339.66,695,784,0
8814211,339.38,695,781,0
8814221,339.65,695,783,0
8814231,340.01,695,781,0
8814241,340.74,695,783,0
8814252,341.20,695,780,0
8814262,342.13,695,784,0
8814272,342.95,695,780,0
8814282,344.20,695,782,0
8814292,345.56,695,779,0
8814302,347.58,695,782,0
8814312,350.49,695,780,0
8814322,355.40,695,782,0
8814332,362.82,695,779,0
8814342,373.93,695,783,0
8814352,389.21,695,780,0
8814362,409.33,695,783,0
8814372,433.96,695,779,0
8814382,462.43,695,783,0
8814401,492.94,693,782,0
8814404,523.73,693,784,0
8814413,552.83,693,779,0
8814423,578.21,693,783,0
8814433,597.60,693,779,0
8814443,609.94,693,783,0
8814453,614.37,693,779,0
8814464,611.39,693,783,0
8814473,601.41,693,779,0
8814483,585.43,693,783,0
8814493,564.52,693,779,0
8814503,540.45,693,783,0
8814513,514.47,693,779,0
8814523,488.27,693,783,0
8814533,462.60,693,779,0
8814543,438.47,693,783,0
8814553,416.25,693,779,0
8814563,396.64,693,783,0
8814573,379.69,693,779,0
8814583,365.77,693,783,0
8814593,354.61,693,779,0
8814603,346.50,693,783,0
8814613,341.08,693,780,0
8814623,338.57,693,783,0
8814633,338.35,693,780,0
8814643,340.52,693,782,0
8814653,344.39,693,780,0
8814663,350.02,693,782,0
8814673,356.44,693,780,0
8814683,363.68,693,783,0
8814693,370.76,693,780,0
8814703,377.65,693,783,0
8814713,383.67,693,780,0
8814723,388.82,693,782,0
8814733,392.43,693,780,0
8814743,394.88,693,783,0
8814753,395.60,693,780,0
8814764,395.16,693,783,0
8814774,393.31,693,780,0
8814784,390.52,693,783,0
8814794,386.68,693,780,0
8814804,382.49,693,782,0
8814814,377.88,693,780,0
8814824,373.51,693,783,0
8814834,368.94,693,780,0
8814844,364.97,693,783,0
8814854,361.25,693,780,0
8814864,358.35,693,783,0
8814874,355.63,693,780,0
8814884,353.60,693,783,0
8814894,351.79,693,780,0
8814904,350.74,693,783,0
8814914,349.92,693,780,0
8814924,349.81,693,783,0
8814935,349.83,693,780,0
8814945,350.52,693,783,0
8814955,351.22,693,780,0
8814965,352.31,693,783,0
8814976,353.29,693,780,0
8814985,354.53,693,783,0
8814995,355.57,693,780,0
8815005,356.90,693,783,0
8815015,358.34,693,780,0
8815025,360.77,693,783,0
8815035,364.52,693,780,0
8815045,371.14,693,783,0
8815055,381.08,693,781,0
8815065,395.59,693,783,0
8815075,414.78,693,780,0
8815085,439.28,693,782,0
8815095,467.95,693,780,0
8815105,499.98,693,783,0
8815124,532.94,723,782,0
8815127,564.85,723,782,0
8815136,593.39,723,781,0
8815147,616.89,723,782,0
8815156,633.21,723,781,0
8815166,642.06,723,782,0
8815176,642.56,723,780,0
8815186,635.45,723,782,0
8815196,621.56,723,780,0
8815206,602.10,723,782,0
8815216,578.29,723,780,0
8815226,551.93,723,782,0
8815236,524.14,723,780,0
8815246,496.71,723,782,0
8815256,470.23,723,780,0
8815266,445.90,723,782,0
8815276,424.03,723,780,0
8815286,405.38,723,782,0
8815296,389.79,723,780,0
8815306,377.73,723,782,0
8815316,368.81,723,781,0
8815326,363.55,723,782,0
8815336,361.16,723,780,0
8815346,361.84,723,782,0
8815356,364.89,723,781,0
8815366,370.36,723,782,0
8815376,377.03,723,780,0
8815386,384.78,723,782,0
8815396,392.69,723,781,0
8815406,400.75,723,782,0
8815416,408.03,723,780,0
8815426,414.45,723,782,0
8815436,419.28,723,781,0
8815447,422.88,723,782,0
8815457,424.68,723,781,0
8815467,424.99,723,782,0
8815477,423.66,723,781,0
8815488,421.02,723,782,0
8815497,417.20,723,781,0
8815507,412.90,723,782,0
8815517,407.96,723,781,0
8815527,403.17,723,782,0
8815537,398.23,723,781,0
8815547,393.62,723,782,0
8815557,389.36,723,781,0
8815567,385.65,723,782,0
8815577,382.20,723,781,0
8815587,379.53,723,782,0
8815597,377.27,723,781,0
8815607,375.77,723,782,0
8815617,374.73,723,781,0
8815627,374.51,723,782,0
8815637,374.74,723,781,0
8815647,375.59,723,782,0
8815657,376.61,723,781,0
8815667,377.89,723,782,0
8815677,379.12,723,781,0
8815687,380.41,723,781,0
8815697,381.23,723,781,0
8815707,381.89,723,782,0
8815717,382.14,723,781,0
8815727,382.44,723,782,0
8815737,382.82,723,781,0
8815747,384.03,723,782,0
8815757,386.42,723,781,0
8815767,391.22,723,782,0
8815777,399.26,723,781,0
8815788,411.91,723,782,0
8815798,429.81,723,782,0
8815808,453.48,723,781,0
8815818,482.35,723,782,0
8815828,515.46,723,781,0
8815847,551.11,723,781,0
8815850,586.69,723,780,0
8815859,620.21,723,783,0
8815869,648.95,723,779,0
8815879,671.21,723,782,0
8815889,685.42,723,780,0
8815899,691.21,723,783,0
8815909,688.19,723,781,0
8815919,677.72,723,782,0
8815929,660.23,723,781,0
8815939,637.49,723,782,0
8815949,610.73,723,780,0
8815959,582.01,723,783,0
8815969,552.48,723,780,0
8815979,523.88,723,783,0
8815989,496.61,723,780,0
8816000,471.62,723,784,0
8816009,449.53,723,781,0
8816019,430.77,723,782,0
8816029,415.11,723,779,0
8816039,402.78,723,782,0
8816049,393.42,723,780,0
8816059,387.21,723,783,0
8816069,383.54,723,780,0
8816079,382.44,723,784,0
8816089,383.42,723,780,0
8816099,386.38,723,782,0
8816109,390.64,723,781,0
8816119,395.97,723,782,0
8816129,401.81,723,781,0
8816139,408.04,723,782,0
8816149,413.77,723,781,0
8816159,418.72,723,782,0
8816169,422.49,723,781,0
8816179,425.05,723,782,0
8816189,426.15,723,781,0
8816199,425.89,723,782,0
8816209,424.12,723,781,0
8816219,421.26,723,782,0
8816229,417.37,723,781,0
8816239,412.71,723,782,0
8816249,407.44,723,781,0
8816259,402.04,723,782,0
8816269,396.76,723,781,0
8816279,392.03,723,782,0
8816289,387.61,723,780,0
8816300,383.95,723,782,0
8816310,381.01,723,780,0
8816320,379.04,723,783,0
8816330,377.61,723,780,0
8816340,376.91,723,782,0
8816350,376.60,723,780,0
8816360,376.93,723,782,0
8816370,377.34,723,780,0
8816380,378.01,723,782,0
8816390,378.65,723,780,0
8816400,379.48,723,783,0
8816410,380.07,723,780,0
8816420,380.69,723,782,0
8816430,381.13,723,780,0
8816440,381.73,723,783,0
8816450,382.15,723,780,0
8816460,382.84,723,783,0
8816471,383.57,723,780,0
8816481,385.29,723,783,0
8816491,388.46,723,780,0
8816501,394.45,723,783,0
8816512,404.00,723,780,0
8816521,418.49,723,783,0
8816531,438.31,723,780,0
8816541,464.32,723,783,0
8816551,495.38,723,780,0
8816561,530.49,723,783,0
8816580,567.25,733,782,0
8816583,603.47,733,782,0
8816592,636.63,733,780,0
8816602,664.77,733,783,0
8816612,685.45,733,780,0
8816622,698.00,733,783,0
8816632,701.52,733,780,0
8816642,696.78,733,783,0
8816652,684.46,733,780,0
8816662,665.81,733,783,0
8816672,641.86,733,780,0
8816683,614.69,733,782,0
8816692,585.64,733,780,0
8816702,556.65,733,783,0
8816712,528.21,733,780,0
8816722,501.66,733,782,0
8816732,477.21,733,780,0
8816742,455.80,733,783,0
8816752,437.13,733,780,0
8816762,421.62,733,783,0
8816772,408.92,733,780,0
8816782,399.60,733,783,0
8816792,393.08,733,780,0
8816802,389.75,733,782,0
8816812,388.89,733,780,0
8816822,390.81,733,783,0
8816832,394.68,733,780,0
8816842,400.35,733,782,0
8816852,406.80,733,780,0
8816862,413.93,733,783,0
8816872,420.81,733,780,0
8816882,427.42,733,782,0
8816892,432.82,733,780,0
8816902,437.08,733,783,0
8816912,439.54,733,780,0
8816922,440.58,733,783,0
8816932,439.68,733,780,0
8816942,437.50,733,783,0
8816952,433.62,733,780,0
8816962,428.89,733,783,0
8816972,423.14,733,780,0
8816983,417.14,733,783,0
8816993,410.67,733,780,0
8817003,404.60,733,783,0
8817013,398.55,733,780,0
8817024,393.33,733,782,0
8817033,388.47,733,780,0
8817043,384.56,733,782,0
8817053,381.22,733,780,0
8817063,378.84,733,782,0
8817073,376.96,733,780,0
8817083,375.99,733,783,0
8817093,375.30,733,780,0
8817103,375.38,733,782,0
8817113,375.74,733,780,0
8817123,376.63,733,782,0
8817133,377.51,733,780,0
8817143,378.77,733,782,0
8817153,379.87,733,780,0
8817163,381.37,733,783,0
8817173,382.54,733,780,0
8817183,383.79,733,782,0
8817193,384.71,733,780,0
8817203,385.96,733,783,0
8817213,387.30,733,780,0
8817223,389.78,733,782,0
8817233,393.83,733,781,0
8817243,400.95,733,783,0
8817253,412.02,733,780,0
8817263,428.60,733,783,0
8817273,451.01,733,781,0
8817283,479.42,733,783,0
8817293,512.72,733,780,0
8817303,549.71,733,783,0
8817323,587.59,742,781,0
8817326,624.06,742,782,0
8817335,656.87,742,781,0
8817345,683.57,742,782,0
8817355,702.34,742,781,0
8817366,712.27,742,782,0
8817375,713.00,742,781,0
8817385,705.50,742,782,0
8817395,690.35,742,781,0
8817405,668.52,742,782,0
8817415,641.83,742,781,0
8817425,612.35,742,782,0
8817435,581.56,742,781,0
8817445,550.84,742,782,0
8817455,521.23,742,781,0
8817465,493.90,742,782,0
8817475,469.12,742,781,0
8817485,447.40,742,782,0
8817495,428.63,742,781,0
8817505,413.19,742,782,0
8817515,400.83,742,781,0
8817525,391.75,742,782,0
8817536,385.74,742,781,0
8817545,382.86,742,782,0
8817555,382.65,742,781,0
8817565,384.98,742,781,0
8817575,389.19,742,781,0
8817585,395.00,742,782,0
8817595,401.64,742,781,0
8817605,408.74,742,782,0
8817615,415.46,742,781,0
8817625,421.62,742,782,0
8817635,426.53,742,781,0
8817645,430.02,742,782,0
8817655,431.68,742,781,0
8817665,431.69,742,782,0
8817675,429.81,742,781,0
8817685,426.44,742,782,0
8817695,421.55,742,781,0
8817705,415.69,742,782,0
8817715,409.18,742,781,0
8817725,402.35,742,781,0
8817735,395.48,742,781,0
8817745,389.03,742,781,0
8817755,383.20,742,781,0
8817765,378.25,742,781,0
8817775,374.19,742,781,0
8817785,371.09,742,782,0
8817795,368.83,742,781,0
8817805,367.56,742,782,0
8817815,366.87,742,782,0
8817825,366.78,742,782,0
8817836,367.11,742,782,0
8817846,367.76,742,781,0
8817856,368.60,742,782,0
8817866,369.75,742,781,0
8817876,370.90,742,782,0
8817886,372.13,742,781,0
8817896,373.25,742,782,0
8817906,374.12,742,781,0
8817916,374.85,742,782,0
8817926,375.37,742,781,0
8817936,375.77,742,782,0
8817946,375.93,742,781,0
8817956,376.16,742,782,0
8817966,376.63,742,781,0
8817976,377.94,742,782,0
8817986,380.74,742,781,0
8817996,386.13,742,782,0
8818007,395.27,742,781,0
8818017,409.54,742,782,0
8818027,429.61,742,781,0
8818037,456.04,742,782,0
8818048,488.26,742,781,0
8818066,524.91,744,780,0
8818069,563.81,744,780,0
8818078,602.31,744,782,0
8818088,638.09,744,780,0
8818098,668.88,744,783,0
8818108,692.18,744,780,0
8818118,706.91,744,783,0
8818128,712.30,744,780,0
8818138,709.08,744,782,0
8818148,697.83,744,780,0
8818158,679.58,744,783,0
8818168,655.32,744,780,0
8818178,627.50,744,782,0
8818188,597.48,744,780,0
8818198,567.20,744,783,0
8818208,537.31,744,780,0
8818219,509.32,744,783,0
8818228,483.38,744,780,0
8818238,460.47,744,783,0
8818248,440.23,744,780,0
8818258,423.10,744,783,0
8818268,408.76,744,780,0
8818278,397.56,744,783,0
8818288,389.08,744,780,0
8818298,383.70,744,783,0
8818308,380.87,744,780,0
8818318,380.78,744,783,0
8818328,382.65,744,780,0
8818338,386.52,744,783,0
8818348,391.51,744,780,0
8818358,397.49,744,783,0
8818368,403.51,744,780,0
8818378,409.57,744,783,0
8818388,414.71,744,780,0
8818398,419.17,744,783,0
8818408,422.16,744,780,0
8818418,424.04,744,783,0
8818428,424.24,744,780,0
8818438,423.27,744,783,0
8818448,420.79,744,780,0
8818458,417.51,744,783,0
8818468,413.16,744,780,0
8818478,408.27,744,783,0
8818488,402.74,744,780,0
8818498,397.34,744,783,0
8818508,391.88,744,780,0
8818519,387.07,744,783,0
8818529,382.42,744,780,0
8818539,378.65,744,782,0
8818549,375.54,744,780,0
8818560,373.58,744,783,0
8818569,372.29,744,780,0
8818579,372.12,744,782,0
8818589,372.38,744,780,0
8818599,373.77,744,783,0
8818609,375.34,744,780,0
8818619,377.55,744,783,0
8818629,379.70,744,780,0
8818639,382.15,744,783,0
8818649,384.12,744,780,0
8818659,385.97,744,783,0
8818669,387.09,744,780,0
8818679,388.18,744,783,0
8818689,388.64,744,780,0
8818699,388.96,744,783,0
8818709,388.59,744,780,0
8818719,388.41,744,783,0
8818729,388.54,744,780,0
8818739,390.14,744,783,0
8818749,393.53,744,780,0
8818759,400.48,744,783,0
8818769,411.78,744,780,0
8818779,428.95,744,783,0
8818789,451.89,744,780,0
8818799,480.94,744,783,0
8818809,514.56,744,780,0
8818828,551.55,762,779,0
8818831,588.67,762,782,0
8818840,624.34,762,783,0
8818850,655.57,762,780,0
8818860,680.81,762,783,0
8818870,697.84,762,780,0
8818880,706.24,762,782,0
8818890,705.49,762,780,0
8818900,696.77,762,782,0
8818910,680.51,762,780,0
8818920,658.37,762,782,0
8818930,631.43,762,780,0
8818940,601.99,762,782,0
8818950,571.31,762,780,0
8818960,541.21,762,782,0
8818970,512.35,762,780,0
8818980,485.63,762,783,0
8818990,461.31,762,780,0
8819000,440.22,762,782,0
8819010,421.90,762,780,0
8819020,406.80,762,783,0
8819031,394.47,762,780,0
8819041,385.42,762,782,0
8819051,378.99,762,780,0
8819061,375.69,762,782,0
8819072,374.76,762,781,0
8819081,376.46,762,782,0
8819091,379.96,762,781,0
8819101,385.25,762,782,0
8819111,391.34,762,780,0
8819121,398.10,762,782,0
8819131,404.58,762,781,0
8819141,410.71,762,782,0
8819151,415.60,762,781,0
8819161,419.27,762,782,0
8819171,421.12,762,781,0
8819181,421.51,762,782,0
8819191,420.16,762,781,0
8819201,417.54,762,782,0
8819211,413.44,762,781,0
8819221,408.68,762,782,0
8819231,403.12,762,781,0
8819241,397.47,762,782,0
8819251,391.46,762,781,0
8819261,385.79,762,782,0
8819271,380.37,762,781,0
8819281,375.80,762,782,0
8819291,371.75,762,781,0
8819301,368.86,762,782,0
8819311,366.72,762,781,0
8819321,365.73,762,782,0
8819331,365.43,762,781,0
8819341,365.98,762,782,0
8819351,366.85,762,781,0
8819361,368.22,762,782,0
8819372,369.57,762,781,0
8819382,371.28,762,782,0
8819392,373.04,762,781,0
8819402,375.17,762,782,0
8819412,377.31,762,781,0
8819422,379.74,762,782,0
8819432,382.01,762,781,0
8819442,384.36,762,782,0
8819452,386.31,762,782,0
8819462,387.93,762,782,0
8819472,389.02,762,781,0
8819482,390.04,762,782,0
8819492,391.36,762,781,0
8819502,393.99,762,782,0
8819512,398.54,762,781,0
8819522,406.56,762,782,0
8819532,419.42,762,781,0
8819543,438.28,762,782,0
8819553,463.35,762,782,0
8819563,494.32,762,782,0
8819582,530.05,754,780,0
8819586,568.27,754,781,0
8819595,606.24,754,782,0
8819605,641.70,754,781,0
8819615,672.30,754,783,0
8819625,695.70,754,780,0
8819635,710.62,754,782,0
8819645,716.00,754,780,0
8819655,712.75,754,782,0
8819665,701.42,754,780,0
8819675,683.08,754,782,0
8819685,658.67,754,780,0
8819695,630.27,754,782,0
8819705,599.33,754,780,0
8819715,567.95,754,782,0
8819725,537.06,754,780,0
8819735,508.03,754,782,0
8819745,481.02,754,780,0
8819756,456.89,754,782,0
8819766,435.45,754,780,0
8819776,417.14,754,782,0
8819786,401.54,754,780,0
8819796,389.08,754,783,0
8819806,379.54,754,780,0
8819816,373.21,754,782,0
8819826,369.59,754,780,0
8819836,368.94,754,783,0
8819846,370.50,754,780,0
8819856,374.25,754,782,0
8819866,379.19,754,780,0
8819876,385.13,754,783,0
8819886,391.09,754,780,0
8819896,396.94,754,782,0
8819906,401.76,754,780,0
8819916,405.69,754,782,0
8819927,407.92,754,780,0
8819937,408.89,754,782,0
8819947,407.98,754,780,0
8819957,405.89,754,783,0
8819968,402.23,754,780,0
8819977,397.92,754,782,0
8819987,392.59,754,780,0
8819997,387.18,754,783,0
8820007,381.43,754,780,0
8820017,376.16,754,782,0
8820027,371.10,754,780,0
8820037,367.00,754,783,0
8820047,363.44,754,780,0
8820057,361.08,754,783,0
8820067,359.34,754,780,0
8820077,358.77,754,783,0
8820087,358.79,754,780,0
8820097,359.80,754,783,0
8820107,361.19,754,780,0
8820117,363.36,754,783,0
8820127,365.61,754,780,0
8820137,368.43,754,783,0
8820147,371.00,754,780,0
8820157,373.83,754,783,0
8820167,376.32,754,780,0
8820177,378.88,754,783,0
8820187,380.85,754,780,0
8820197,382.78,754,783,0
8820207,384.09,754,780,0
8820217,385.39,754,782,0
8820227,386.13,754,780,0
8820237,386.73,754,783,0
8820247,386.69,754,780,0
8820257,386.61,754,783,0
8820268,386.04,754,780,0
8820278,385.60,754,783,0
8820288,385.21,754,780,0
8820298,385.96,754,782,0
8820308,388.50,754,781,0
8820318,394.48,754,783,0
8820328,404.66,754,780,0
8820338,420.96,754,783,0
8820358,443.60,775,781,0
8820361,473.21,775,783,0
8820370,508.67,775,781,0
8820380,547.69,775,782,0
8820390,587.34,775,781,0
8820400,625.42,775,782,0
8820410,659.45,775,781,0
8820420,687.22,775,782,0
8820430,706.18,775,781,0
8820440,715.55,775,782,0
8820450,715.60,775,781,0
8820460,707.32,775,782,0
8820470,691.11,775,781,0
8820481,667.89,775,782,0
8820491,639.38,775,781,0
8820501,607.94,775,781,0
8820511,575.04,775,782,0
8820521,542.54,775,781,0
8820531,511.52,775,781,0
8820541,483.25,775,781,0
8820551,458.02,775,781,0
8820561,436.16,775,781,0
8820571,417.55,775,781,0
8820581,402.17,775,781,0
8820591,389.78,775,781,0
8820601,380.37,775,781,0
8820611,373.70,775,781,0
8820621,369.85,775,781,0
8820631,368.52,775,781,0
8820641,369.57,775,781,0
8820652,372.57,775,782,0
8820662,377.11,775,781,0
8820672,382.65,775,782,0
8820682,388.75,775,781,0
8820692,394.79,775,782,0
8820702,400.25,775,781,0
8820712,404.63,775,781,0
8820722,407.83,775,781,0
8820732,409.81,775,782,0
8820742,410.42,775,781,0
8820752,409.57,775,781,0
8820762,407.34,775,781,0
8820772,404.28,775,782,0
8820782,400.55,775,781,0
8820792,396.36,775,782,0
8820802,391.84,775,781,0
8820812,387.39,775,782,0
8820823,383.07,775,781,0
8820833,379.19,775,782,0
8820843,375.45,775,781,0
8820853,372.40,775,782,0
8820864,369.84,775,780,0
8820873,367.87,775,782,0
8820883,366.28,775,780,0
8820893,365.38,775,782,0
8820903,365.01,775,780,0
8820913,365.39,775,782,0
8820923,365.83,775,781,0
8820933,366.53,775,782,0
8820943,367.23,775,780,0
8820953,368.19,775,782,0
8820963,369.12,775,781,0
8820973,370.11,775,782,0
8820983,370.85,775,781,0
8820993,371.75,775,782,0
8821003,372.55,775,781,0
8821013,373.50,775,782,0
8821023,374.17,775,780,0
8821033,374.89,775,782,0
8821043,375.31,775,781,0
8821053,375.86,775,782,0
8821063,376.24,775,780,0
8821073,376.90,775,783,0
8821083,377.66,775,781,0
8821093,379.22,775,782,0
8821103,381.85,775,780,0
8821113,386.74,775,782,0
8821123,394.49,775,781,0
8821133,406.69,775,782,0
8821143,424.05,775,780,0
8821163,447.44,805,778,0
8821166,476.75,805,779,0
8821175,511.37,805,784,0
8821185,549.14,805,778,0
8821195,587.84,805,784,0
8821206,624.75,805,779,0
8821215,657.65,805,783,0
8821225,684.07,805,778,0
8821235,702.13,805,784,0
8821245,710.62,805,780,0
8821255,710.14,805,783,0
8821265,701.01,805,780,0
8821275,684.29,805,782,0
8821285,660.72,805,780,0
8821295,632.47,805,783,0
8821305,601.13,805,780,0
8821315,568.78,805,783,0
8821325,536.14,805,780,0
8821335,505.16,805,783,0
8821345,476.05,805,780,0
8821355,450.07,805,783,0
8821365,426.90,805,780,0
8821376,407.09,805,783,0
8821385,390.22,805,780,0
8821395,376.83,805,783,0
8821405,366.25,805,780,0
8821415,359.10,805,783,0
8821425,354.70,805,780,0
8821435,353.33,805,782,0
8821445,354.30,805,780,0
8821455,357.77,805,783,0
8821465,362.77,805,780,0
8821475,369.39,805,783,0
8821485,376.52,805,780,0
8821495,384.21,805,783,0
8821505,391.47,805,780,0
8821515,398.32,805,783,0
8821525,403.75,805,780,0
8821535,408.03,805,783,0
8821545,410.37,805,780,0
8821555,411.33,805,783,0
8821565,410.38,805,780,0
8821575,408.03,805,783,0
8821585,404.25,805,780,0
8821595,399.81,805,783,0
8821605,394.46,805,780,0
8821615,389.14,805,783,0
8821625,383.53,805,780,0
8821635,378.57,805,783,0
8821645,373.94,805,780,0
8821655,370.23,805,783,0
8821665,366.95,805,780,0
8821676,364.78,805,783,0
8821686,363.04,805,780,0
8821696,362.43,805,783,0
8821706,362.04,805,780,0
8821716,362.63,805,782,0
8821726,363.51,805,780,0
8821736,365.20,805,783,0
8821746,367.03,805,780,0
8821756,369.46,805,782,0
8821766,371.68,805,780,0
8821776,374.30,805,783,0
8821786,376.36,805,780,0
8821796,378.31,805,782,0
8821806,379.67,805,780,0
8821816,380.93,805,783,0
8821826,381.55,805,780,0
8821836,382.28,805,782,0
8821847,382.84,805,780,0
8821857,384.35,805,782,0
8821867,387.03,805,781,0
8821877,392.25,805,782,0
8821888,400.66,805,781,0
8821897,413.75,805,782,0
8821907,431.78,805,781,0
8821917,455.59,805,782,0
8821927,484.30,805,781,0
8821946,517.12,784,780,0
8821949,551.71,784,782,0
8821958,586.51,784,782,0
8821968,618.67,784,781,0
8821978,646.37,784,782,0
8821988,667.22,784,781,0
8821998,680.27,784,782,0
8822008,684.73,784,781,0
8822018,681.34,784,782,0
8822028,670.09,784,781,0
8822038,652.45,784,782,0
8822048,629.56,784,781,0
8822059,603.16,784,782,0
8822068,574.83,784,781,0
8822078,546.08,784,782,0
8822088,517.64,784,781,0
8822098,490.62,784,781,0
8822108,465.58,784,781,0
8822118,442.99,784,782,0
8822128,422.94,784,781,0
8822138,405.60,784,781,0
8822148,390.89,784,781,0
8822158,379.18,784,782,0
8822168,370.38,784,781,0
8822178,364.61,784,781,0
8822188,361.51,784,781,0
8822198,361.15,784,782,0
8822208,363.16,784,781,0
8822218,367.27,784,781,0
8822228,372.84,784,782,0
8822238,379.45,784,782,0
8822248,386.34,784,781,0
8822258,393.27,784,781,0
8822268,399.66,784,782,0
8822278,405.08,784,782,0
8822288,409.08,784,782,0
8822298,411.59,784,781,0
8822308,412.40,784,782,0
8822318,411.85,784,782,0
8822328,409.79,784,782,0
8822338,406.51,784,781,0
8822348,402.20,784,782,0
8822359,397.30,784,781,0
8822369,391.98,784,782,0
8822379,386.63,784,781,0
8822389,381.30,784,782,0
8822400,376.37,784,780,0
8822409,372.06,784,783,0
8822419,368.40,784,780,0
8822429,365.71,784,782,0
8822439,363.78,784,781,0
8822449,362.65,784,782,0
8822459,362.15,784,781,0
8822469,362.32,784,782,0
8822479,362.87,784,781,0
8822489,363.89,784,783,0
8822499,364.91,784,780,0
8822509,366.09,784,783,0
8822519,367.22,784,781,0
8822529,368.36,784,783,0
8822539,369.41,784,781,0
8822549,370.44,784,783,0
8822559,371.38,784,781,0
8822569,372.77,784,782,0
8822579,374.89,784,781,0
8822589,378.91,784,783,0
8822599,385.88,784,780,0
8822609,397.32,784,783,0
8822619,413.89,784,780,0
8822629,436.73,784,783,0
8822639,465.39,784,782,0
8822649,499.73,784,784,0
8822659,537.70,784,782,0
8822678,576.96,732,781,0
8822681,614.64,732,781,0
8822690,649.21,732,784,0
8822700,677.52,732,781,0
8822710,698.15,732,784,0
8822720,709.42,732,780,0
8822730,711.44,732,784,0
8822740,704.40,732,779,0
8822750,689.58,732,784,0
8822760,667.34,732,780,0
8822770,639.94,732,784,0
8822780,608.97,732,779,0
8822790,576.75,732,784,0
8822800,544.34,732,780,0
8822810,513.55,732,784,0
8822820,484.59,732,779,0
8822830,458.74,732,784,0
8822840,435.72,732,780,0
8822850,416.09,732,784,0
8822860,399.22,732,778,0
8822871,385.65,732,782,0
8822881,374.79,732,777,0
8822891,367.05,732,782,0
8822901,361.98,732,778,0
8822912,360.10,732,783,0
8822921,360.58,732,779,0
8822931,363.75,732,783,0
8822941,368.75,732,779,0
8822951,375.69,732,783,0
8822961,383.71,732,779,0
8822971,392.37,732,783,0
8822981,400.70,732,779,0
8822991,408.68,732,782,0
8823001,415.50,732,778,0
8823011,421.05,732,784,0
8823021,424.76,732,778,0
8823031,426.85,732,784,0
8823041,426.94,732,780,0
8823051,425.58,732,784,0
8823061,422.41,732,780,0
8823071,418.00,732,784,0
8823081,412.21,732,781,0
8823091,405.76,732,784,0
8823101,398.46,732,781,0
8823111,391.34,732,784,0
8823121,384.51,732,777,0
8823131,378.87,732,784,0
8823141,373.81,732,780,0
8823151,370.05,732,783,0
8823161,367.25,732,778,0
8823171,366.02,732,783,0
8823181,365.80,732,779,0
8823191,366.37,732,782,0
8823201,367.29,732,777,0
8823212,368.87,732,784,0
8823222,370.50,732,779,0
8823232,372.32,732,784,0
8823242,373.72,732,780,0
8823252,374.92,732,784,0
8823262,375.59,732,780,0
8823272,375.93,732,784,0
8823282,375.78,732,781,0
8823292,375.93,732,784,0
8823302,376.34,732,780,0
8823312,378.51,732,782,0
8823322,383.03,732,779,0
8823332,391.63,732,782,0
8823342,404.86,732,779,0
8823352,423.80,732,783,0
8823362,448.59,732,778,0
8823372,479.14,732,783,0
8823383,513.68,732,779,0
8823393,550.59,732,783,0
8823412,587.10,734,781,0
8823415,620.71,734,782,0
8823425,649.26,734,781,0
8823435,670.69,734,782,0
8823445,683.34,734,782,0
8823455,686.88,734,782,0
8823465,681.22,734,781,0
8823475,667.57,734,782,0
8823485,647.34,734,781,0
8823495,621.87,734,782,0
8823505,592.89,734,781,0
8823515,562.62,734,782,0
8823525,532.22,734,781,0
8823535,503.18,734,782,0
8823545,476.00,734,782,0
8823555,451.44,734,782,0
8823565,429.71,734,781,0
8823575,411.20,734,782,0
8823585,395.50,734,781,0
8823596,382.83,734,782,0
8823606,372.90,734,781,0
8823616,365.77,734,781,0
8823626,361.38,734,782,0
8823636,359.77,734,781,0
8823646,360.31,734,781,0
8823656,363.09,734,781,0
8823666,367.52,734,782,0
8823676,373.36,734,781,0
8823686,379.98,734,781,0
8823696,387.02,734,781,0
8823706,393.87,734,782,0
8823716,400.25,734,781,0
8823726,405.58,734,781,0
8823736,409.60,734,781,0
8823746,412.12,734,782,0
8823756,413.03,734,781,0
8823767,412.29,734,782,0
8823777,410.06,734,781,0
8823787,406.53,734,782,0
8823797,401.96,734,781,0
8823808,396.87,734,782,0
8823817,391.51,734,781,0
8823827,386.26,734,782,0
8823837,381.16,734,781,0
8823847,376.66,734,782,0
8823857,372.78,734,781,0
8823867,369.71,734,782,0
8823877,367.31,734,781,0
8823887,365.76,734,782,0
8823897,364.98,734,781,0
8823907,365.11,734,782,0
8823917,365.81,734,781,0
8823927,367.07,734,782,0
8823937,368.67,734,781,0
8823947,370.61,734,782,0
8823957,372.44,734,780,0
8823967,374.33,734,782,0
8823977,375.98,734,780,0
8823987,377.58,734,782,0
8823997,378.82,734,781,0
8824007,379.86,734,782,0
8824017,380.54,734,780,0
8824027,381.45,734,783,0
8824037,382.69,734,780,0
8824047,385.31,734,782,0
8824057,390.32,734,780,0
8824067,399.09,734,782,0
8824077,412.91,734,781,0
8824087,432.99,734,782,0
8824097,459.48,734,781,0
8824108,492.21,734,783,0
8824118,529.65,734,780,0
8824137,569.01,725,779,0
8824140,607.79,725,780,0
8824150,643.68,725,783,0
8824159,674.51,725,780,0
8824169,698.18,725,783,0
8824179,712.96,725,780,0
8824189,718.37,725,783,0
8824199,715.26,725,780,0
8824209,704.42,725,783,0
8824219,686.21,725,780,0
8824229,661.89,725,783,0
8824239,633.08,725,780,0
8824249,602.07,725,783,0
8824259,570.12,725,780,0
8824269,538.88,725,783,0
8824279,509.09,725,780,0
8824289,481.85,725,782,0
8824299,457.17,725,780,0
8824309,435.86,725,783,0
8824320,417.60,725,780,0
8824329,402.94,725,783,0
8824339,391.25,725,780,0
8824349,383.08,725,783,0
8824359,378.04,725,780,0
8824369,376.40,725,783,0
8824379,377.27,725,780,0
8824389,380.70,725,783,0
8824399,385.72,725,780,0
8824409,392.36,725,782,0
8824419,399.50,725,780,0
8824429,407.10,725,783,0
8824439,414.06,725,780,0
8824449,420.47,725,783,0
8824459,425.39,725,780,0
8824469,429.00,725,783,0
8824479,430.63,725,780,0
8824489,430.78,725,783,0
8824499,428.96,725,780,0
8824509,425.97,725,783,0
8824519,421.48,725,780,0
8824529,416.28,725,783,0
8824539,410.32,725,780,0
8824549,404.36,725,783,0
8824559,398.12,725,780,0
8824569,392.38,725,783,0
8824579,386.87,725,780,0
8824589,382.15,725,783,0
8824599,377.82,725,780,0
8824609,374.45,725,783,0
8824620,371.48,725,780,0
8824630,369.54,725,783,0
8824640,367.92,725,780,0
8824650,367.17,725,783,0
8824660,366.69,725,780,0
8824670,367.00,725,783,0
8824680,367.43,725,780,0
8824690,368.50,725,782,0
8824700,369.51,725,780,0
8824710,371.03,725,783,0
8824720,372.26,725,780,0
8824730,373.73,725,782,0
8824740,374.75,725,780,0
8824750,375.81,725,783,0
8824760,376.38,725,780,0
8824770,377.04,725,783,0
8824780,377.54,725,780,0
8824791,379.01,725,783,0
8824801,381.83,725,781,0
8824811,387.63,725,782,0
8824821,397.17,725,780,0
8824832,412.16,725,782,0
8824841,432.90,725,780,0
8824851,460.19,725,782,0
8824861,492.96,725,781,0
8824871,530.26,725,783,0
8824890,569.27,753,782,0
8824893,607.63,753,782,0
8824902,642.67,753,781,0
8824912,672.30,753,782,0
8824922,694.02,753,781,0
8824932,707.13,753,782,0
8824942,710.52,753,781,0
8824952,705.05,753,782,0
8824962,691.49,753,781,0
8824972,670.90,753,782,0
8824982,644.66,753,781,0
8824992,614.76,753,782,0
8825003,582.60,753,781,0
8825012,550.24,753,782,0
8825022,518.75,753,781,0
8825032,489.21,753,782,0
8825042,462.19,753,781,0
8825052,438.39,753,782,0
8825062,417.83,753,781,0
8825072,400.87,753,782,0
8825082,387.24,753,781,0
8825092,377.14,753,782,0
8825102,370.20,753,781,0
8825112,366.54,753,782,0
8825122,365.65,753,781,0
8825132,367.51,753,782,0
8825142,371.30,753,781,0
8825152,376.70,753,782,0
8825162,382.92,753,781,0
8825172,389.93,753,782,0
8825182,396.93,753,781,0
8825192,403.73,753,782,0
8825202,409.55,753,781,0
8825212,414.31,753,781,0
8825222,417.73,753,781,0
8825232,419.91,753,782,0
8825242,420.41,753,781,0
8825252,419.60,753,782,0
8825262,417.32,753,781,0
8825272,414.05,753,782,0
8825282,409.75,753,781,0
8825292,404.85,753,782,0
8825303,399.33,753,781,0
8825313,393.61,753,781,0
8825323,387.64,753,782,0
8825333,381.97,753,781,0
8825344,376.62,753,782,0
8825353,372.10,753,781,0
8825363,368.22,753,782,0
8825373,365.15,753,781,0
8825383,362.92,753,782,0
8825393,361.62,753,781,0
8825403,361.05,753,782,0
8825413,361.03,753,781,0
8825423,361.41,753,782,0
8825433,362.14,753,781,0
8825443,363.17,753,782,0
8825453,364.36,753,781,0
8825463,365.58,753,782,0
8825473,366.74,753,781,0
8825483,367.84,753,782,0
8825493,368.83,753,781,0
8825503,369.70,753,782,0
8825513,370.39,753,781,0
8825523,370.87,753,782,0
8825533,371.17,753,781,0
8825543,371.33,753,782,0
8825553,371.40,753,781,0
8825563,371.41,753,782,0
8825573,371.59,753,781,0
8825583,372.53,753,782,0
8825593,374.98,753,781,0
8825603,379.96,753,782,0
8825613,388.71,753,781,0
8825623,402.56,753,782,0
8825633,422.45,753,781,0
8825644,448.93,753,782,0
8825663,481.39,773,781,0
8825666,518.77,773,782,0
8825675,558.61,773,780,0
8825686,598.16,773,783,0
8825695,635.05,773,781,0
8825705,666.84,773,783,0
8825715,691.01,773,780,0
8825725,706.31,773,783,0
8825735,711.83,773,781,0
8825745,708.15,773,783,0
8825755,695.98,773,780,0
8825765,676.10,773,783,0
8825775,650.01,773,780,0
8825785,619.88,773,783,0
8825795,587.30,773,780,0
8825805,554.17,773,783,0
8825815,521.76,773,780,0
8825825,491.45,773,782,0
8825835,463.80,773,780,0
8825845,439.52,773,783,0
8825856,418.40,773,780,0
8825865,400.71,773,782,0
8825875,386.10,773,780,0
8825885,375.01,773,783,0
8825895,367.04,773,780,0
8825905,362.44,773,782,0
8825915,360.72,773,780,0
8825925,362.05,773,782,0
8825935,365.76,773,780,0
8825945,371.62,773,782,0
8825955,378.55,773,780,0
8825965,386.40,773,782,0
8825975,394.16,773,780,0
8825985,401.57,773,782,0
8825995,407.79,773,780,0
8826005,412.86,773,782,0
8826015,416.21,773,780,0
8826025,418.07,773,783,0
8826035,417.92,773,780,0
8826045,416.32,773,782,0
8826055,412.88,773,780,0
8826065,408.37,773,783,0
8826075,402.52,773,780,0
8826085,396.15,773,782,0
8826095,389.12,773,780,0
8826105,382.31,773,783,0
8826115,375.58,773,780,0
8826125,369.62,773,782,0
8826135,364.16,773,780,0
8826145,359.91,773,783,0
8826156,356.51,773,780,0
8826166,354.39,773,783,0
8826176,353.07,773,780,0
8826186,352.83,773,783,0
8826196,353.18,773,780,0
8826206,354.29,773,782,0
8826216,355.53,773,780,0
8826226,357.26,773,783,0
8826236,358.81,773,780,0
8826246,360.62,773,782,0
8826256,362.11,773,780,0
8826266,363.62,773,783,0
8826276,364.68,773,780,0
8826286,366.02,773,782,0
8826296,367.04,773,780,0
8826306,368.31,773,783,0
8826316,369.25,773,780,0
8826327,370.37,773,783,0
8826337,371.12,773,780,0
8826347,372.03,773,783,0
8826357,372.32,773,780,0
8826368,372.91,773,782,0
8826377,373.71,773,780,0
8826387,375.90,773,783,0
8826397,380.08,773,780,0
8826407,388.16,773,782,0
8826417,400.75,773,780,0
8826427,419.47,773,783,0
8826437,444.14,773,780,0
8826457,475.00,793,779,0
8826460,510.61,793,782,0
8826469,549.43,793,782,0
8826479,588.39,793,781,0
8826489,625.17,793,782,0
8826499,656.88,793,781,0
8826509,681.69,793,782,0
8826519,697.55,793,781,0
8826529,703.94,793,782,0
8826540,700.53,793,781,0
8826550,688.37,793,782,0
8826560,668.59,793,782,0
8826570,642.78,793,781,0
8826580,612.68,793,782,0
8826590,580.42,793,782,0
8826600,547.42,793,782,0
8826610,515.28,793,781,0
8826620,484.94,793,782,0
8826630,457.40,793,782,0
8826640,432.98,793,781,0
8826650,411.86,793,782,0
8826660,394.03,793,782,0
8826670,379.62,793,782,0
8826680,368.51,793,781,0
8826690,360.68,793,781,0
8826700,355.89,793,782,0
8826711,354.08,793,781,0
8826721,355.04,793,782,0
8826731,358.37,793,781,0
8826741,363.70,793,782,0
8826752,370.48,793,781,0
8826761,378.26,793,782,0
8826771,386.37,793,781,0
8826781,394.36,793,782,0
8826791,401.49,793,781,0
8826801,407.60,793,782,0
8826811,412.22,793,781,0
8826821,415.20,793,782,0
8826831,416.34,793,781,0
8826841,415.85,793,782,0
8826851,413.80,793,781,0
8826861,410.51,793,782,0
8826871,405.99,793,781,0
8826881,400.63,793,782,0
8826891,394.83,793,781,0
8826901,388.97,793,782,0
8826911,383.11,793,781,0
8826921,377.50,793,782,0
8826931,372.34,793,781,0
8826941,367.91,793,782,0
8826951,364.08,793,781,0
8826961,361.05,793,782,0
8826971,358.60,793,781,0
8826981,356.87,793,782,0
8826991,355.75,793,781,0
8827001,355.31,793,782,0
8827011,355.43,793,781,0
8827021,356.20,793,782,0
8827031,357.34,793,781,0
8827041,358.91,793,782,0
8827052,360.61,793,781,0
8827062,362.44,793,782,0
8827072,364.07,793,781,0
8827082,365.55,793,782,0
8827092,366.54,793,780,0
8827102,367.19,793,782,0
8827112,367.52,793,780,0
8827122,368.09,793,782,0
8827132,369.26,793,780,0
8827142,372.14,793,782,0
8827152,377.46,793,781,0
8827162,386.96,793,783,0
8827172,401.46,793,780,0
8827182,421.81,793,782,0
8827192,447.88,793,781,0
8827202,479.50,793,783,0
8827212,515.05,793,780,0
8827232,552.92,776,779,0
8827235,589.89,776,780,0
8827244,624.34,776,783,0
8827254,653.38,776,780,0
8827265,675.55,776,783,0
8827275,689.01,776,780,0
8827285,693.68,776,783,0
8827295,689.15,776,780,0
8827305,676.93,776,782,0
8827315,657.32,776,780,0
8827325,632.50,776,782,0
8827335,603.59,776,780,0
8827345,572.86,776,782,0
8827355,541.19,776,780,0
8827365,510.36,776,783,0
8827375,480.81,776,780,0
8827385,453.74,776,782,0
8827395,429.30,776,780,0
8827405,408.34,776,782,0
8827415,390.41,776,780,0
8827425,376.32,776,783,0
8827436,365.76,776,780,0
8827446,359.19,776,782,0
8827456,355.96,776,781,0
8827466,356.40,776,782,0
8827476,359.62,776,781,0
8827486,365.61,776,782,0
8827496,373.10,776,781,0
8827506,381.90,776,782,0
8827516,390.88,776,781,0
8827526,399.92,776,782,0
8827536,407.74,776,781,0
8827546,414.29,776,782,0
8827556,418.92,776,781,0
8827566,422.07,776,782,0
8827576,423.25,776,781,0
8827586,422.83,776,782,0
8827596,420.53,776,781,0
8827607,417.07,776,782,0
8827617,412.55,776,781,0
8827627,407.50,776,782,0
8827637,401.61,776,781,0
8827648,395.47,776,782,0
8827657,389.33,776,781,0
8827667,383.61,776,782,0
8827677,378.24,776,781,0
8827687,373.46,776,782,0
8827697,369.21,776,781,0
8827707,365.93,776,782,0
8827717,363.34,776,781,0
8827727,361.61,776,782,0
8827737,360.44,776,781,0
8827747,360.09,776,782,0
8827757,360.15,776,781,0
8827767,360.83,776,782,0
8827777,361.61,776,781,0
8827787,362.84,776,782,0
8827797,364.09,776,781,0
8827807,365.56,776,782,0
8827817,366.94,776,781,0
8827827,368.67,776,782,0
8827837,370.83,776,781,0
8827847,374.52,776,782,0
8827857,380.45,776,781,0
8827867,389.74,776,782,0
8827877,403.45,776,781,0
8827887,422.90,776,782,0
8827897,448.26,776,781,0
8827907,479.25,776,782,0
8827917,514.71,776,781,0
8827927,552.98,776,782,0
8827947,591.51,714,781,0
8827950,627.92,714,782,0
8827959,659.78,714,782,0
8827969,684.79,714,781,0
8827979,701.53,714,782,0
8827990,709.04,714,781,0
8827999,707.27,714,782,0
8828009,697.16,714,781,0
8828019,679.63,714,782,0
8828029,655.65,714,781,0
8828039,627.47,714,782,0
8828049,596.86,714,781,0
8828059,565.62,714,782,0
8828069,534.83,714,781,0
8828079,505.70,714,782,0
8828089,478.83,714,781,0
8828099,454.88,714,782,0
8828109,433.83,714,781,0
8828119,415.88,714,782,0
8828129,400.83,714,781,0
8828139,388.84,714,782,0
8828149,379.63,714,781,0
8828160,373.48,714,782,0
8828169,370.00,714,781,0
8828179,369.18,714,782,0
8828189,370.54,714,781,0
8828199,373.98,714,782,0
8828209,378.83,714,781,0
8828219,384.79,714,782,0
8828229,391.07,714,781,0
8828239,397.35,714,782,0
8828249,403.07,714,781,0
8828259,407.89,714,782,0
8828269,411.23,714,781,0
8828279,413.22,714,782,0
8828289,413.45,714,781,0
8828299,412.24,714,782,0
8828309,409.47,714,781,0
8828319,405.47,714,782,0
8828329,400.36,714,781,0
8828339,394.81,714,782,0
8828349,388.65,714,781,0
8828359,382.58,714,782,0
8828369,376.50,714,781,0
8828379,371.03,714,782,0
8828389,366.18,714,781,0
8828399,362.31,714,782,0
8828409,359.13,714,781,0
8828419,357.04,714,782,0
8828429,355.74,714,781,0
8828439,355.56,714,782,0
8828449,355.95,714,780,0
8828460,357.08,714,783,0
8828470,358.47,714,780,0
8828480,360.34,714,782,0
8828490,362.21,714,780,0
8828500,364.33,714,783,0
8828510,366.08,714,780,0
8828520,367.85,714,783,0
8828530,369.14,714,780,0
8828540,370.68,714,783,0
8828550,372.32,714,780,0
8828560,375.18,714,783,0
8828570,379.76,714,780,0
8828580,387.84,714,783,0
8828590,400.10,714,780,0
8828600,418.24,714,783,0
8828610,442.51,714,780,0
8828620,473.43,714,783,0
8828631,509.69,714,780,0
8828641,549.17,714,783,0
8828660,588.85,714,782,0
8828663,626.73,714,783,0
8828673,660.63,714,780,0
8828683,689.24,714,783,0
8828693,710.13,714,780,0
8828703,722.34,714,782,0
8828713,725.80,714,781,0
8828723,721.57,714,783,0
8828733,709.87,714,780,0
8828743,691.40,714,782,0
8828753,666.38,714,781,0
8828763,637.34,714,783,0
8828773,605.69,714,780,0
8828783,573.68,714,782,0
8828793,541.98,714,781,0
8828803,512.33,714,783,0
8828813,484.93,714,780,0
8828823,460.95,714,782,0
8828833,439.88,714,781,0
8828844,422.52,714,782,0
8828854,408.26,714,781,0
8828864,397.81,714,782,0
8828874,390.50,714,781,0
8828884,386.83,714,782,0
8828894,385.90,714,781,0
8828904,388.11,714,782,0
8828914,392.37,714,781,0
8828924,398.68,714,782,0
8828934,405.85,714,781,0
8828944,413.65,714,782,0
8828954,421.00,714,781,0
8828964,427.81,714,782,0
8828974,433.01,714,781,0
8828984,436.74,714,782,0
8828994,438.19,714,781,0
8829004,437.70,714,782,0
8829015,435.22,714,781,0
8829025,431.21,714,782,0
8829035,425.66,714,781,0
8829045,419.21,714,782,0
8829056,411.94,714,781,0
8829065,404.76,714,782,0
8829075,397.63,714,782,0
8829085,390.89,714,782,0
8829095,384.53,714,781,0
8829105,379.06,714,782,0
8829115,374.33,714,781,0
8829125,370.59,714,782,0
8829135,367.54,714,782,0
8829145,365.41,714,782,0
8829155,363.96,714,782,0
8829165,363.15,714,782,0
8829175,362.77,714,782,0
8829185,362.84,714,782,0
8829195,363.06,714,781,0
8829205,363.51,714,782,0
8829215,363.91,714,782,0
8829225,364.33,714,782,0
8829235,364.66,714,782,0
8829245,364.97,714,782,0
8829255,365.24,714,782,0
8829265,365.77,714,781,0
8829275,366.74,714,781,0
8829285,369.04,714,781,0
8829295,373.57,714,782,0
8829305,381.67,714,782,0
8829315,394.07,714,782,0
8829325,412.09,714,781,0
8829335,436.24,714,782,0
8829345,466.55,714,781,0
8829356,501.91,714,782,0
8829366,540.60,714,781,0
8829376,579.98,714,782,0
8829395,617.87,735,781,0
8829399,651.29,735,784,0
8829407,678.46,735,781,0
8829417,697.52,735,782,0
8829427,707.40,735,781,0
8829437,708.13,735,783,0
8829447,700.47,735,781,0
8829457,685.50,735,782,0
8829467,664.48,735,780,0
8829477,638.79,735,783,0
8829487,610.10,735,781,0
8829497,580.32,735,782,0
8829507,550.40,735,780,0
8829517,521.52,735,782,0
8829527,494.28,735,781,0
8829537,469.47,735,782,0
8829547,447.08,735,780,0
8829557,427.47,735,783,0
8829568,410.53,735,780,0
8829577,396.74,735,782,0
8829587,385.85,735,780,0
8829597,378.09,735,782,0
8829607,373.31,735,780,0
8829617,371.72,735,782,0
8829627,372.92,735,780,0
8829637,376.76,735,782,0
8829647,382.27,735,780,0
8829657,389.26,735,782,0
8829667,396.77,735,780,0
8829677,404.47,735,782,0
8829687,411.31,735,780,0
8829697,417.18,735,782,0
8829707,421.32,735,780,0
8829717,423.93,735,782,0
8829727,424.55,735,780,0
8829737,423.40,735,783,0
8829747,420.41,735,780,0
8829757,416.17,735,782,0
8829767,410.59,735,780,0
8829777,404.50,735,782,0
8829787,398.01,735,780,0
8829797,391.88,735,783,0
8829807,386.08,735,780,0
8829817,381.13,735,782,0
8829827,376.85,735,780,0
8829837,373.81,735,783,0
8829847,371.59,735,780,0
8829857,370.52,735,783,0
8829868,369.85,735,780,0
8829878,369.98,735,783,0
8829888,370.24,735,780,0
8829898,371.07,735,783,0
8829908,371.69,735,780,0
8829918,372.47,735,783,0
8829928,372.63,735,780,0
8829938,372.74,735,783,0
8829948,372.39,735,780,0
8829958,372.27,735,783,0
8829968,371.81,735,780,0
8829978,371.69,735,783,0
8829988,371.36,735,780,0
8829998,371.63,735,783,0
8830008,372.26,735,780,0
8830018,374.32,735,783,0
8830028,378.13,735,780,0
8830039,385.20,735,783,0
8830049,396.11,735,780,0
8830059,412.58,735,783,0
8830069,434.61,735,780,0
8830080,462.84,735,783,0
8830089,495.67,735,780,0
8830099,532.29,735,783,0
8830118,570.00,723,782,0
8830121,606.56,723,782,0
8830130,639.39,723,780,0
8830140,666.79,723,783,0
8830150,686.48,723,780,0
8830160,698.25,723,783,0
8830170,701.13,723,780,0
8830180,695.99,723,783,0
8830190,683.48,723,780,0
8830200,664.82,723,782,0
8830210,641.35,723,780,0
8830220,615.01,723,782,0
8830230,586.85,723,780,0
8830240,558.48,723,782,0
8830251,530.57,723,781,0
8830260,504.47,723,782,0
8830270,480.16,723,780,0
8830280,458.34,723,782,0
8830290,438.78,723,781,0
8830300,422.05,723,783,0
8830310,407.80,723,780,0
8830320,396.63,723,782,0
8830330,387.92,723,781,0
8830340,382.28,723,783,0
8830350,379.03,723,780,0
8830360,378.33,723,782,0
8830370,379.43,723,781,0
8830380,382.56,723,782,0
8830390,386.76,723,780,0
8830400,392.15,723,782,0
8830410,397.63,723,781,0
8830420,403.19,723,782,0
8830430,408.14,723,780,0
8830440,412.52,723,782,0
8830450,415.45,723,781,0
8830460,417.11,723,782,0
8830470,416.99,723,780,0
8830480,415.62,723,782,0
8830490,412.61,723,781,0
8830500,408.57,723,782,0
8830510,403.30,723,780,0
8830520,397.59,723,782,0
8830530,391.33,723,781,0
8830540,385.23,723,782,0
8830551,379.08,723,781,0
8830561,373.48,723,782,0
8830571,368.28,723,781,0
8830581,364.04,723,782,0
8830592,360.43,723,781,0
8830601,358.03,723,782,0
8830611,356.26,723,781,0
8830621,355.41,723,782,0
8830631,355.29,723,781,0
8830641,355.97,723,782,0
8830651,357.05,723,781,0
8830661,358.71,723,782,0
8830671,360.30,723,781,0
8830681,362.26,723,782,0
8830691,364.07,723,781,0
8830701,365.89,723,782,0
8830711,367.30,723,781,0
8830721,368.66,723,782,0
8830731,369.58,723,781,0
8830741,370.39,723,782,0
8830751,370.75,723,781,0
8830761,371.34,723,782,0
8830771,372.22,723,781,0
8830781,374.47,723,782,0
8830791,378.61,723,781,0
8830801,386.19,723,782,0
8830811,397.79,723,781,0
8830821,414.78,723,782,0
8830831,437.26,723,781,0
8830841,465.25,723,782,0
8830851,497.41,723,781,0
8830870,532.60,752,780,0
8830873,568.20,752,782,0
8830882,602.51,752,782,0
8830892,632.83,752,781,0
8830902,657.31,752,782,0
8830912,674.23,752,782,0
8830922,683.03,752,781,0
8830932,682.94,752,782,0
8830942,674.99,752,782,0
8830952,659.56,752,781,0
8830962,638.14,752,781,0
8830972,612.21,752,781,0
8830982,583.90,752,782,0
8830992,554.62,752,781,0
8831002,525.89,752,781,0
8831012,498.45,752,781,0
8831022,473.33,752,782,0
8831032,450.86,752,782,0
8831042,431.32,752,781,0
8831052,414.51,752,781,0
8831063,400.47,752,781,0
8831073,389.19,752,782,0
8831083,380.52,752,781,0
8831093,374.49,752,782,0
8831104,370.91,752,781,0
8831113,369.78,752,782,0
8831123,370.62,752,781,0
8831133,373.26,752,782,0
8831143,377.21,752,781,0
8831153,382.16,752,782,0
8831163,387.51,752,781,0
8831173,392.89,752,782,0
8831183,397.68,752,781,0
8831193,401.76,752,782,0
8831203,404.66,752,781,0
8831213,406.39,752,782,0
8831223,406.70,752,781,0
8831233,405.72,752,782,0
8831243,403.53,752,781,0
8831253,400.37,752,782,0
8831263,396.19,752,781,0
8831273,391.46,752,782,0
8831283,386.22,752,781,0
8831293,380.93,752,782,0
8831303,375.55,752,781,0
8831313,370.41,752,782,0
8831323,365.57,752,781,0
8831333,361.37,752,782,0
8831343,357.70,752,781,0
8831353,354.75,752,782,0
8831363,352.38,752,781,0
8831373,350.85,752,783,0
8831383,349.83,752,781,0
8831393,349.49,752,782,0
8831404,349.60,752,781,0
8831414,350.36,752,782,0
8831424,351.45,752,780,0
8831434,353.16,752,783,0
8831444,355.13,752,780,0
8831454,357.75,752,782,0
8831464,360.52,752,780,0
8831474,363.79,752,783,0
8831484,367.03,752,780,0
8831494,370.75,752,782,0
8831504,374.77,752,781,0
8831514,380.02,752,783,0
8831524,386.87,752,780,0
8831534,396.60,752,782,0
8831544,409.83,752,780,0
8831554,427.80,752,783,0
8831564,450.53,752,780,0
8831575,478.10,752,783,0
8831585,509.10,752,780,0
8831604,542.41,734,779,0
8831607,575.37,734,781,0
8831617,606.46,734,783,0
8831627,632.94,734,781,0
8831637,653.31,734,783,0
8831647,665.91,734,780,0
8831657,670.60,734,782,0
8831667,667.04,734,780,0
8831677,656.61,734,783,0
8831687,639.59,734,780,0
8831697,618.02,734,782,0
8831707,593.07,734,780,0
8831717,566.74,734,782,0
8831727,539.77,734,780,0
8831737,513.78,734,782,0
8831747,489.12,734,780,0
8831757,466.71,734,783,0
8831767,446.23,734,780,0
8831777,428.20,734,782,0
8831788,412.24,734,780,0
8831798,398.93,734,782,0
8831808,387.59,734,781,0
8831818,378.76,734,782,0
8831828,371.97,734,781,0
8831838,367.91,734,782,0
8831848,365.97,734,781,0
8831858,366.49,734,782,0
8831868,368.61,734,780,0
8831878,372.59,734,782,0
8831888,377.43,734,780,0
8831898,383.21,734,782,0
8831908,388.89,734,780,0
8831918,394.54,734,782,0
8831928,399.22,734,781,0
8831938,403.10,734,782,0
8831948,405.42,734,781,0
8831959,406.33,734,782,0
8831969,405.29,734,781,0
8831979,402.80,734,782,0
8831989,398.79,734,781,0
8832000,393.84,734,782,0
8832009,388.10,734,781,0
8832019,382.33,734,782,0
8832029,376.66,734,781,0
8832039,371.62,734,782,0
8832049,367.02,734,781,0
8832059,363.20,734,782,0
8832069,360.01,734,781,0
8832079,357.56,734,782,0
8832089,355.47,734,781,0
8832099,353.96,734,782,0
8832109,352.81,734,781,0
8832119,352.27,734,782,0
8832129,351.93,734,781,0
8832139,351.99,734,782,0
8832149,352.12,734,781,0
8832159,352.56,734,782,0
8832169,353.12,734,782,0
8832179,353.94,734,782,0
8832189,354.77,734,781,0
8832199,355.74,734,782,0
8832209,356.55,734,783,0
8832219,357.41,734,782,0
8832229,358.06,734,781,0
8832239,358.81,734,782,0
8832249,359.73,734,781,0
8832259,361.78,734,782,0
8832269,365.62,734,781,0
8832279,372.59,734,782,0
8832289,383.68,734,782,0
8832300,400.28,734,781,0
8832310,422.70,734,782,0
8832320,451.16,734,781,0
8832330,484.58,734,782,0
8832350,521.61,745,781,0
8832353,559.61,745,783,0
8832362,596.50,745,781,0
8832372,629.48,745,783,0
8832382,656.25,745,780,0
8832392,675.33,745,782,0
8832402,685.73,745,781,0
8832412,687.23,745,783,0
8832422,680.30,745,780,0
8832432,665.98,745,782,0
8832442,645.50,745,781,0
8832452,620.88,745,782,0
8832462,593.36,745,780,0
8832472,564.92,745,782,0
8832482,536.62,745,781,0
8832492,509.82,745,782,0
8832502,484.59,745,780,0
8832513,461.78,745,783,0
8832523,441.15,745,781,0
8832533,423.10,745,783,0
8832543,406.96,745,780,0
8832553,393.17,745,782,0
8832563,381.33,745,780,0
8832573,372.02,745,783,0
8832583,364.81,745,780,0
8832593,360.20,745,783,0
8832603,357.61,745,780,0
8832613,357.43,745,783,0
8832623,358.84,745,780,0
8832633,362.02,745,782,0
8832643,366.00,745,780,0
8832653,370.84,745,783,0
8832663,375.43,745,780,0
8832673,379.93,745,783,0
8832684,383.34,745,780,0
8832694,385.98,745,783,0
8832704,387.10,745,780,0
8832714,387.28,745,783,0
8832724,385.96,745,780,0
8832734,383.91,745,783,0
8832744,380.64,745,780,0
8832754,377.02,745,783,0
8832764,372.60,745,780,0
8832774,368.43,745,783,0
8832784,363.93,745,780,0
8832794,359.97,745,783,0
8832804,356.08,745,780,0
8832814,353.01,745,783,0
8832824,350.39,745,780,0
8832834,348.90,745,783,0
8832844,347.82,745,780,0
8832855,347.83,745,783,0
8832865,348.27,745,780,0
8832875,349.60,745,782,0
8832885,351.13,745,780,0
8832896,353.28,745,782,0
8832905,355.42,745,780,0
8832915,358.04,745,783,0
8832925,360.34,745,780,0
8832935,362.85,745,782,0
8832945,364.95,745,780,0
8832955,367.24,745,783,0
8832965,368.97,745,780,0
8832975,370.73,745,782,0
8832985,371.89,745,780,0
8832995,372.99,745,782,0
8833005,373.51,745,780,0
8833015,374.00,745,783,0
8833025,374.13,745,780,0
8833035,374.86,745,782,0
8833045,376.19,745,780,0
8833055,379.65,745,782,0
8833065,386.05,745,781,0
8833075,396.79,745,782,0
8833085,412.41,745,780,0
8833095,434.10,745,782,0
8833115,461.42,765,781,0
8833118,493.99,765,782,0
8833127,529.86,765,781,0
8833137,566.81,765,782,0
8833147,602.05,765,782,0
8833157,633.53,765,782,0
8833167,658.40,765,781,0
8833177,675.38,765,782,0
8833187,683.07,765,781,0
8833197,681.76,765,782,0
8833207,671.80,765,781,0
8833217,654.63,765,782,0
8833227,631.34,765,781,0
8833238,604.07,765,782,0
8833247,574.31,765,781,0
8833257,544.04,765,782,0
8833267,514.07,765,782,0
8833277,485.77,765,782,0
8833287,459.69,765,781,0
8833297,436.47,765,782,0
8833307,416.02,765,781,0
8833317,398.31,765,781,0
8833327,383.17,765,781,0
8833337,370.69,765,782,0
8833347,360.71,765,781,0
8833357,353.21,765,781,0
8833367,348.01,765,781,0
8833377,344.96,765,782,0
8833387,343.86,765,781,0
8833397,344.72,765,781,0
8833408,347.20,765,782,0
8833417,351.13,765,782,0
8833427,355.89,765,781,0
8833437,361.24,765,781,0
8833447,366.69,765,781,0
8833457,372.10,765,782,0
8833467,376.66,765,782,0
8833477,380.14,765,782,0
8833487,382.29,765,782,0
8833497,383.23,765,782,0
8833507,382.82,765,781,0
8833517,381.24,765,782,0
8833527,378.43,765,782,0
8833537,374.79,765,782,0
8833547,370.39,765,782,0
8833557,365.60,765,782,0
8833567,360.49,765,782,0
8833577,355.42,765,781,0
8833587,350.49,765,781,0
8833597,346.19,765,782,0
8833607,342.49,765,782,0
8833617,339.73,765,781,0
8833627,337.75,765,782,0
8833637,336.71,765,782,0
8833647,336.50,765,782,0
8833657,337.12,765,781,0
8833667,338.33,765,781,0
8833677,340.16,765,781,0
8833687,342.38,765,782,0
8833697,344.84,765,781,0
8833708,347.33,765,782,0
8833718,349.72,765,781,0
8833728,352.03,765,782,0
8833738,353.99,765,781,0
8833748,355.62,765,782,0
8833758,356.85,765,781,0
8833768,357.84,765,782,0
8833778,358.53,765,781,0
8833788,359.14,765,782,0
8833798,359.57,765,781,0
8833808,360.09,765,782,0
8833818,360.66,765,781,0
8833828,361.70,765,782,0
8833838,363.64,765,781,0
8833848,367.35,765,782,0
8833858,373.71,765,781,0
8833868,384.04,765,782,0
8833879,399.33,765,781,0
8833889,420.57,765,782,0
8833908,447.74,794,781,0
8833911,480.69,794,783,0
8833921,517.77,794,780,0
8833931,556.92,794,783,0
8833941,595.26,794,780,0
8833951,630.33,794,783,0
8833961,659.24,794,781,0
8833971,680.60,794,783,0
8833981,692.46,794,780,0
8833991,694.98,794,783,0
8834001,687.87,794,780,0
8834011,672.82,794,782,0
8834021,650.81,794,780,0
8834031,624.08,794,783,0
8834041,593.80,794,780,0
8834051,562.44,794,782,0
8834061,530.94,794,780,0
8834071,501.39,794,783,0
8834081,473.71,794,780,0
8834092,449.07,794,783,0
8834102,427.15,794,780,0
8834112,408.50,794,783,0
8834122,392.32,794,780,0
8834132,379.07,794,783,0
8834142,368.08,794,780,0
8834152,359.83,794,783,0
8834162,353.66,794,780,0
8834172,349.99,794,783,0
8834182,348.20,794,780,0
8834192,348.69,794,783,0
8834202,350.63,794,780,0
8834212,354.17,794,782,0
8834222,358.49,794,780,0
8834232,363.70,794,783,0
8834242,368.89,794,780,0
8834252,374.37,794,783,0
8834263,378.93,794,780,0
8834273,382.85,794,783,0
8834283,385.34,794,781,0
8834293,386.99,794,782,0
8834304,387.08,794,781,0
8834313,386.20,794,782,0
8834323,383.70,794,781,0
8834333,380.53,794,782,0
8834343,376.39,794,781,0
8834353,372.16,794,783,0
8834363,367.35,794,781,0
8834373,362.87,794,782,0
8834383,358.46,794,781,0
8834393,354.80,794,782,0
8834403,351.61,794,781,0
8834413,349.41,794,782,0
8834423,347.66,794,781,0
8834433,346.82,794,782,0
8834443,346.27,794,781,0
8834453,346.36,794,782,0
8834463,346.51,794,781,0
8834473,347.21,794,782,0
8834483,347.96,794,781,0
8834493,349.26,794,782,0
8834503,350.55,794,781,0
8834513,352.40,794,782,0
8834523,354.25,794,781,0
8834533,356.58,794,782,0
8834543,358.63,794,781,0
8834553,360.50,794,782,0
8834563,361.68,794,780,0
8834573,362.85,794,782,0
8834583,363.66,794,780,0
8834593,364.96,794,782,0
8834604,367.03,794,781,0
8834614,371.18,794,782,0
8834624,378.50,794,781,0
8834634,390.39,794,781,0
8834644,407.55,794,781,0
8834654,430.61,794,782,0
8834664,459.10,794,781,0
8834683,492.50,775,780,0
8834686,529.12,775,782,0
8834695,566.97,775,782,0
8834705,603.36,775,782,0
8834715,635.87,775,781,0
8834725,662.22,775,782,0
8834735,681.18,775,782,0
8834745,691.29,775,782,0
8834755,692.36,775,781,0
8834765,684.62,775,782,0
8834775,669.44,775,782,0
8834785,647.88,775,781,0
8834795,621.64,775,781,0
8834805,592.26,775,782,0
8834816,561.50,775,781,0
8834825,530.79,775,782,0
8834835,501.20,775,781,0
8834845,473.20,775,782,0
8834855,447.47,775,781,0
8834865,424.40,775,781,0
8834875,404.01,775,781,0
8834885,386.43,775,782,0
8834895,371.73,775,781,0
8834905,360.07,775,782,0
8834915,351.52,775,781,0
8834925,346.01,775,782,0
8834935,343.52,775,781,0
8834945,343.79,775,781,0
8834955,346.68,775,781,0
8834965,351.54,775,782,0
8834975,357.85,775,781,0
8834985,365.05,775,782,0
8834995,372.66,775,781,0
8835005,379.96,775,782,0
8835015,386.62,775,781,0
8835025,392.13,775,782,0
8835035,396.25,775,781,0
8835045,398.83,775,782,0
8835055,399.78,775,781,0
8835065,399.25,775,782,0
8835075,397.50,775,782,0
8835085,394.61,775,782,0
8835095,390.78,775,781,0
8835105,386.31,775,782,0
8835116,381.46,775,781,0
8835126,376.52,775,782,0
8835136,371.61,775,781,0
8835146,366.88,775,782,0
8835156,362.55,775,781,0
8835166,358.74,775,782,0
8835176,355.60,775,781,0
8835186,353.24,775,782,0
8835196,351.49,775,781,0
8835206,350.53,775,782,0
8835216,350.20,775,781,0
8835226,350.70,775,782,0
8835236,351.73,775,781,0
8835246,353.35,775,782,0
8835256,355.31,775,781,0
8835266,357.83,775,782,0
8835276,360.58,775,781,0
8835287,363.71,775,782,0
8835297,366.79,775,781,0
8835307,370.28,775,783,0
8835317,373.97,775,780,0
8835328,378.69,775,782,0
8835337,384.61,775,781,0
8835347,393.13,775,783,0
8835357,405.09,775,780,0
8835367,421.95,775,782,0
8835377,443.91,775,781,0
8835387,471.66,775,783,0
8835397,504.34,775,780,0
8835417,541.22,733,778,0
8835420,579.34,733,780,0
8835429,616.44,733,783,0
8835439,650.34,733,779,0
8835449,679.68,733,783,0
8835459,702.10,733,779,0
8835469,716.43,733,783,0
8835479,721.57,733,778,0
8835489,718.31,733,783,0
8835500,707.29,733,779,0
8835510,689.16,733,784,0
8835520,664.60,733,779,0
8835530,635.62,733,782,0
8835540,603.98,733,778,0
8835550,571.58,733,783,0
8835560,539.57,733,780,0
8835570,509.31,733,782,0
8835580,481.19,733,780,0
8835590,456.06,733,783,0
8835600,433.80,733,778,0
8835610,414.57,733,783,0
8835620,397.99,733,780,0
8835630,384.41,733,783,0
8835640,373.27,733,780,0
8835650,364.92,733,783,0
8835660,358.90,733,781,0
8835671,355.42,733,782,0
8835681,353.88,733,781,0
8835691,354.56,733,782,0
8835701,356.79,733,781,0
8835712,360.54,733,782,0
8835721,365.05,733,781,0
8835731,370.18,733,782,0
8835741,375.14,733,781,0
8835751,379.85,733,782,0
8835761,383.71,733,781,0
8835771,386.54,733,783,0
8835781,388.01,733,780,0
8835791,388.13,733,783,0
8835801,386.64,733,781,0
8835811,383.92,733,783,0
8835821,380.08,733,780,0
8835831,375.52,733,782,0
8835841,370.52,733,780,0
8835851,365.39,733,783,0
8835861,360.43,733,780,0
8835871,355.84,733,783,0
8835881,351.82,733,781,0
8835891,348.49,733,782,0
8835901,345.73,733,782,0
8835911,343.58,733,783,0
8835921,342.25,733,781,0
8835931,341.83,733,782,0
8835941,342.27,733,781,0
8835951,343.43,733,782,0
8835961,345.14,733,780,0
8835971,347.24,733,783,0
8835981,349.57,733,780,0
8835991,351.76,733,783,0
8836001,353.63,733,781,0
8836012,355.24,733,783,0
8836022,356.63,733,782,0
8836032,357.72,733,783,0
8836042,358.66,733,782,0
8836052,359.62,733,782,0
8836062,360.98,733,782,0
8836072,363.17,733,783,0
8836082,367.02,733,782,0
8836092,373.31,733,782,0
8836102,383.16,733,782,0
8836112,397.69,733,783,0
8836122,418.05,733,782,0
8836132,444.48,733,782,0
8836142,476.73,733,781,0
8836161,513.63,745,781,0
8836164,553.08,745,783,0
8836173,592.53,745,781,0
8836183,629.74,745,782,0
8836193,662.73,745,781,0
8836203,689.73,745,783,0
8836213,708.62,745,781,0
8836224,718.55,745,781,0
8836233,719.67,745,781,0
8836243,712.61,745,782,0
8836253,697.90,745,780,0
8836263,676.03,745,781,0
8836273,648.38,745,780,0
8836283,617.32,745,782,0
8836293,584.44,745,781,0
8836303,551.26,745,782,0
8836313,519.13,745,781,0
8836323,489.30,745,783,0
8836333,462.17,745,781,0
8836343,438.33,745,783,0
8836353,417.70,745,782,0
8836363,400.65,745,783,0
8836373,386.83,745,781,0
8836383,376.51,745,783,0
8836393,368.98,745,781,0
8836403,364.70,745,783,0
8836413,362.91,745,781,0
8836423,363.53,745,783,0
8836433,365.82,745,781,0
8836443,369.77,745,783,0
8836453,374.43,745,781,0
8836463,380.08,745,783,0
8836473,385.84,745,781,0
8836483,391.81,745,783,0
8836493,397.26,745,781,0
8836503,402.16,745,783,0
8836513,405.79,745,781,0
8836524,408.56,745,783,0
8836534,409.76,745,780,0
8836544,409.83,745,783,0
8836554,408.21,745,780,0
8836564,405.53,745,782,0
8836574,401.69,745,780,0
8836584,397.32,745,782,0
8836594,392.13,745,780,0
8836604,386.77,745,782,0
8836614,381.14,745,781,0
8836624,375.91,745,782,0
8836634,370.84,745,781,0
8836644,366.47,745,782,0
8836654,362.65,745,781,0
8836664,359.75,745,782,0
8836674,357.55,745,781,0
8836684,356.32,745,783,0
8836695,355.75,745,780,0
8836705,356.08,745,782,0
8836715,356.79,745,781,0
8836725,358.18,745,783,0
8836736,359.84,745,780,0
8836745,361.99,745,783,0
8836755,364.13,745,780,0
8836765,366.54,745,783,0
8836775,368.69,745,780,0
8836785,370.97,745,782,0
8836795,372.74,745,780,0
8836805,374.53,745,783,0
8836815,375.83,745,780,0
8836825,377.42,745,783,0
8836835,379.57,745,780,0
8836845,383.73,745,783,0
8836855,390.66,745,780,0
8836865,402.12,745,783,0
8836875,418.71,745,780,0
8836885,441.69,745,784,0
8836895,470.67,745,779,0
8836905,505.22,745,783,0
8836924,543.26,763,782,0
8836927,582.27,763,784,0
8836936,619.64,763,779,0
8836946,653.61,763,783,0
8836956,681.58,763,779,0
8836966,701.85,763,783,0
8836976,712.82,763,779,0
8836986,714.46,763,783,0
8836996,707.51,763,779,0
8837006,692.79,763,783,0
8837016,670.69,763,779,0
8837026,643.18,763,783,0
8837036,612.10,763,779,0
8837046,579.71,763,783,0
8837056,547.19,763,779,0
8837066,516.06,763,783,0
8837076,486.94,763,779,0
8837086,461.07,763,783,0
8837096,438.34,763,779,0
8837106,418.91,763,783,0
8837116,402.43,763,779,0
8837126,389.28,763,783,0
8837136,378.91,763,779,0
8837146,371.61,763,783,0
8837156,366.75,763,779,0
8837166,364.47,763,783,0
8837176,364.20,763,779,0
8837186,365.98,763,783,0
8837196,369.29,763,779,0
8837207,374.04,763,783,0
8837217,379.52,763,779,0
8837227,385.53,763,783,0
8837237,391.37,763,780,0
8837248,397.05,763,783,0
8837257,401.79,763,780,0
8837267,405.45,763,783,0
8837277,407.55,763,780,0
8837287,408.20,763,783,0
8837297,407.15,763,779,0
8837307,404.79,763,783,0
8837317,400.95,763,780,0
8837327,396.21,763,783,0
8837337,390.70,763,779,0
8837347,384.88,763,783,0
8837357,378.96,763,780,0
8837367,373.36,763,783,0
8837377,368.15,763,779,0
8837387,363.86,763,783,0
8837397,360.22,763,780,0
8837407,357.41,763,783,0
8837417,355.32,763,780,0
8837427,354.11,763,783,0
8837437,353.47,763,780,0
8837447,353.50,763,783,0
8837457,353.74,763,780,0
8837467,354.59,763,783,0
8837477,355.74,763,780,0
8837487,357.36,763,783,0
8837497,359.01,763,780,0
8837507,360.98,763,783,0
8837517,362.87,763,780,0
8837527,364.88,763,783,0
8837537,366.55,763,780,0
8837548,368.05,763,783,0
8837558,369.19,763,781,0
8837568,370.16,763,783,0
8837578,371.02,763,781,0
8837588,372.42,763,782,0
8837598,375.04,763,780,0
8837608,380.04,763,783,0
8837618,388.69,763,781,0
8837628,402.28,763,782,0
8837638,421.61,763,781,0
8837648,447.18,763,782,0
8837658,478.59,763,781,0
8837678,514.88,753,780,0
8837681,553.92,753,782,0
8837690,592.90,753,781,0
8837700,629.44,753,782,0
8837710,660.98,753,781,0
8837720,685.33,753,782,0
8837730,701.09,753,781,0
8837740,707.15,753,782,0
8837750,703.76,753,781,0
8837761,691.70,753,782,0
8837771,671.86,753,781,0
8837781,646.06,753,782,0
8837791,616.09,753,781,0
8837801,583.83,753,782,0
8837811,551.14,753,781,0
8837821,519.38,753,782,0
8837831,489.61,753,781,0
8837841,462.64,753,782,0
8837851,438.79,753,781,0
8837861,418.24,753,782,0
8837871,400.81,753,781,0
8837881,386.60,753,782,0
8837891,375.36,753,781,0
8837901,367.20,753,782,0
8837911,361.78,753,781,0
8837921,359.10,753,782,0
8837932,358.69,753,780,0
8837942,360.49,753,783,0
8837952,363.82,753,781,0
8837962,368.54,753,783,0
8837972,373.91,753,780,0
8837982,379.85,753,782,0
8837992,385.51,753,781,0
8838002,390.89,753,782,0
8838012,395.25,753,780,0
8838022,398.77,753,782,0
8838032,400.90,753,780,0
8838042,401.87,753,782,0
8838052,401.22,753,780,0
8838062,399.53,753,782,0
8838072,396.50,753,781,0
8838082,392.66,753,782,0
8838092,387.84,753,780,0
8838103,382.83,753,783,0
8838113,377.48,753,780,0
8838123,372.45,753,782,0
8838133,367.51,753,780,0
8838144,363.37,753,783,0
8838153,359.71,753,780,0
8838163,357.09,753,783,0
8838173,354.92,753,780,0
8838183,353.87,753,783,0
8838193,353.40,753,780,0
8838203,354.05,753,783,0
8838213,355.23,753,780,0
8838223,357.44,753,783,0
8838233,359.92,753,780,0
8838243,362.94,753,783,0
8838253,365.70,753,780,0
8838263,368.45,753,783,0
8838273,370.46,753,780,0
8838283,371.99,753,783,0
8838293,372.42,753,780,0
8838303,372.21,753,784,0
8838313,371.25,753,780,0
8838323,370.36,753,783,0
8838333,369.87,753,779,0
8838343,371.28,753,783,0
8838353,375.44,753,780,0
8838363,384.05,753,783,0
8838373,397.92,753,780,0
8838383,418.30,753,783,0
8838393,444.83,753,780,0
8838403,477.15,753,783,0
8838422,513.36,745,781,0
8838425,551.52,745,783,0
8838434,588.91,745,780,0
8838444,623.39,745,783,0
8838454,651.69,745,780,0
8838464,672.53,745,782,0
8838474,684.41,745,780,0
8838484,687.20,745,783,0
8838494,681.14,745,780,0
8838504,667.43,745,782,0
8838514,646.77,745,780,0
8838524,621.55,745,783,0
8838534,593.06,745,780,0
8838544,563.38,745,782,0
8838554,533.48,745,778,0
8838564,504.71,745,783,0
8838574,477.58,745,780,0
8838584,453.32,745,782,0
8838594,431.75,745,780,0
8838604,413.61,745,783,0
8838615,398.39,745,780,0
8838625,386.70,745,782,0
8838635,378.00,745,781,0
8838645,372.65,745,782,0
8838656,369.92,745,781,0
8838665,370.29,745,782,0
8838675,372.65,745,781,0
8838685,377.34,745,782,0
8838695,383.49,745,781,0
8838705,391.19,745,782,0
8838715,399.40,745,781,0
8838725,408.03,745,782,0
8838735,415.90,745,781,0
8838745,423.26,745,783,0
8838755,429.14,745,780,0
8838765,433.55,745,783,0
8838775,435.75,745,780,0
8838785,436.12,745,783,0
8838795,434.11,745,781,0
8838805,430.22,745,783,0
8838815,424.07,745,780,0
8838825,416.03,745,783,0
8838835,406.08,745,780,0
8838845,395.30,745,782,0
8838855,383.47,745,780,0
8838865,371.63,745,782,0
8838875,359.74,745,780,0
8838885,348.80,745,782,0
8838895,339.05,745,781,0
8838905,331.15,745,782,0
8838915,324.80,745,781,0
8838925,320.88,745,782,0
8838935,318.90,745,781,0
8838945,319.53,745,782,0
8838956,322.24,745,780,0
8838966,327.23,745,782,0
8838976,333.80,745,781,0
8838986,342.18,745,782,0
8838996,351.51,745,781,0
8839006,362.07,745,782,0
8839016,372.76,745,781,0
8839026,383.59,745,782,0
8839036,393.83,745,782,0
8839046,403.82,745,782,0
8839056,413.13,745,781,0
8839066,422.56,745,782,0
8839076,432.51,745,781,0
8839086,444.49,745,782,0
8839096,459.21,745,781,0
8839106,477.83,745,782,0
8839116,500.38,745,782,0
8839127,526.88,745,782,0
8839137,556.19,745,782,0
8839147,586.69,745,782,0
8839157,616.10,745,782,0
8839168,642.34,745,782,0
8839186,663.32,764,781,0
8839189,676.98,764,782,0
8839198,683.12,764,782,0
8839208,681.07,764,781,0
8839218,671.45,764,782,0
8839228,655.11,764,781,0
8839238,633.14,764,782,0
8839248,606.95,764,781,0
8839258,578.98,764,782,0
8839268,549.84,764,781,0
8839278,521.05,764,782,0
8839288,493.26,764,781,0
8839298,467.43,764,782,0
8839308,444.24,764,781,0
8839318,423.90,764,782,0
8839328,406.27,764,781,0
8839339,391.53,764,782,0
8839348,379.76,764,780,0
8839358,371.09,764,783,0
8839368,365.15,764,782,0
8839378,362.10,764,784,0
8839388,361.94,764,781,0
8839398,364.62,764,782,0
8839408,369.49,764,780,0
8839418,376.46,764,782,0
8839428,385.11,764,781,0
8839438,395.32,764,781,0
8839448,406.32,764,781,0
8839458,417.84,764,782,0
8839468,429.46,764,781,0
8839478,441.02,764,782,0
8839488,452.07,764,781,0
8839498,462.42,764,783,0
8839508,471.72,764,781,0
8839518,479.82,764,783,0
8839528,486.26,764,780,0
8839538,490.68,764,784,0
8839548,492.66,764,780,0
8839558,492.25,764,783,0
8839568,489.05,764,781,0
8839578,483.25,764,782,0
8839588,474.60,764,781,0
8839598,463.62,764,783,0
8839608,450.53,764,780,0
8839618,436.06,764,782,0
8839628,420.18,764,779,0
8839639,403.76,764,783,0
8839649,386.94,764,781,0
8839659,370.76,764,783,0
8839669,355.36,764,779,0
8839680,341.50,764,784,0
8839689,329.22,764,781,0
8839699,319.30,764,784,0
8839709,311.62,764,781,0
8839719,306.81,764,783,0
8839729,304.42,764,780,0
8839739,304.77,764,783,0
8839749,307.28,764,778,0
8839759,312.51,764,782,0
8839769,319.99,764,779,0
8839779,330.58,764,784,0
8839789,344.20,764,780,0
8839799,362.31,764,784,0
8839809,385.02,764,780,0
8839819,413.51,764,783,0
8839829,447.56,764,778,0
8839839,487.03,764,782,0
8839849,529.32,764,780,0
8839859,572.13,764,783,0
8839869,612.63,764,781,0
8839879,649.43,764,783,0
8839889,680.67,764,780,0
8839899,705.50,764,783,0
8839909,721.89,764,780,0
8839919,730.11,764,782,0
8839929,730.21,764,780,0
8839939,722.94,764,783,0
8839949,708.13,764,780,0
8839959,686.19,764,783,0
8839969,657.25,764,780,0
8839980,623.92,764,783,0
8839990,587.51,764,780,0
8840000,550.67,764,783,0
8840010,514.13,764,780,0
8840020,479.76,764,783,0
8840030,448.03,764,780,0
8840040,420.08,764,783,0
8840050,395.54,764,780,0
8840060,375.41,764,783,0
8840070,359.00,764,780,0
8840080,346.83,764,783,0
8840090,338.31,764,779,0
8840100,333.89,764,783,0
8840110,332.76,764,780,0
8840120,334.98,764,783,0
8840130,339.53,764,780,0
8840140,346.48,764,782,0
8840151,354.87,764,779,0
8840161,364.34,764,783,0
8840171,373.75,764,780,0
8840181,383.00,764,783,0
8840192,391.01,764,780,0
8840201,397.78,764,783,0
8840211,402.30,764,780,0
8840221,404.95,764,783,0
8840231,405.18,764,780,0
8840241,403.67,764,783,0
8840251,400.21,764,780,0
8840261,395.99,764,783,0
8840271,390.72,764,780,0
8840281,385.62,764,783,0
8840291,380.46,764,780,0
8840301,376.30,764,783,0
8840311,372.82,764,780,0
8840321,370.69,764,782,0
8840331,369.20,764,780,0
8840341,368.97,764,783,0
8840351,369.19,764,780,0
8840361,370.29,764,782,0
8840371,371.53,764,780,0
8840381,373.17,764,783,0
8840391,374.49,764,780,0
8840401,376.02,764,782,0
8840411,377.04,764,780,0
8840421,378.14,764,783,0
8840431,378.66,764,780,0
8840441,379.15,764,783,0
8840451,378.93,764,780,0
8840461,378.74,764,783,0
8840471,377.96,764,781,0
8840481,377.46,764,782,0
8840492,377.11,764,781,0
8840502,378.36,764,783,0
8840512,381.85,764,781,0
8840522,389.61,764,782,0
8840532,402.41,764,781,0
8840542,421.70,764,783,0
8840552,447.51,764,781,0
8840562,480.05,764,782,0
8840582,517.54,0,781,0
8840585,557.62,0,782,0
8840594,597.29,0,782,0
8840604,634.40,0,782,0
8840614,666.60,0,782,0
8840624,691.83,0,782,0
8840634,708.04,0,782,0
8840644,714.67,0,782,0
8840654,712.28,0,782,0
8840664,701.91,0,782,0
8840674,684.28,0,782,0
8840684,660.54,0,781,0
8840694,632.52,0,782,0
8840705,602.06,0,783,0
8840715,570.97,0,783,0
8840725,540.47,0,783,0
8840735,511.57,0,784,0
8840745,484.91,0,782,0
8840755,461.11,0,783,0
8840765,440.12,0,783,0
8840775,422.17,0,784,0
8840785,406.90,0,782,0
8840795,394.55,0,783,0
8840805,384.74,0,783,0
8840815,377.66,0,783,0
8840825,372.92,0,783,0
8840835,370.76,0,784,0
8840845,370.79,0,783,0
8840855,373.04,0,784,0
8840865,376.84,0,782,0
8840876,382.03,0,784,0
8840886,387.72,0,782,0
8840896,393.81,0,784,0
8840906,399.35,0,782,0
8840916,404.43,0,784,0
8840926,408.33,0,782,0
8840936,411.06,0,784,0
8840946,412.07,0,782,0
8840956,411.71,0,784,0
8840966,409.65,0,782,0
8840976,406.50,0,784,0
8840986,401.98,0,782,0
8840996,396.76,0,784,0
8841006,390.87,0,782,0
8841016,384.91,0,784,0
8841026,378.94,0,781,0
8841036,373.60,0,784,0
8841047,368.88,0,778,0
8841057,365.10,0,781,0
8841067,361.86,0,778,0
8841077,359.50,0,781,0
8841088,357.63,0,779,0
8841097,356.59,0,782,0
8841107,355.77,0,780,0
8841117,355.45,0,782,0
8841127,355.23,0,780,0
8841137,355.76,0,782,0
8841147,356.43,0,780,0
8841157,357.85,0,782,0
8841167,359.39,0,780,0
8841177,361.59,0,782,0
8841187,363.68,0,780,0
8841197,366.18,0,782,0
8841207,368.35,0,780,0
8841217,370.82,0,782,0
8841227,373.49,0,780,0
8841237,377.46,0,783,0
8841247,383.02,0,780,0
8841257,392.01,0,782,0
8841267,405.17,0,780,0
8841277,424.23,0,783,0
8841287,449.45,0,781,0
8841297,481.28,0,783,0
8841307,518.23,0,779,0
8841326,557.93,745,779,0
8841329,597.42,745,780,0
8841338,634.71,745,783,0
8841348,667.58,745,780,0
8841358,695.05,745,783,0
8841368,715.09,745,780,0
8841378,727.02,745,783,0
8841388,730.92,745,780,0
8841398,727.38,745,783,0
8841408,716.43,745,780,0
8841418,698.68,745,782,0
8841428,674.35,745,780,0
8841438,645.23,745,783,0
8841448,612.98,745,780,0
8841458,579.85,745,783,0
8841468,547.03,745,780,0
8841478,516.20,745,783,0
8841488,487.77,745,779,0
8841498,462.64,745,783,0
8841508,440.46,745,780,0
8841518,421.68,745,783,0
8841528,405.75,745,780,0
8841538,393.05,745,783,0
8841548,383.09,745,780,0
8841559,376.25,745,783,0
8841569,371.89,745,780,0
8841579,370.47,745,783,0
8841589,371.10,745,780,0
8841600,374.20,745,782,0
8841609,378.72,745,780,0
8841619,384.76,745,783,0
8841629,391.35,745,780,0
8841639,398.49,745,782,0
8841649,405.16,745,780,0
8841659,411.45,745,782,0
8841669,416.42,745,780,0
8841679,420.41,745,782,0
8841689,422.73,745,780,0
8841699,423.75,745,783,0
8841709,423.05,745,780,0
8841719,421.28,745,782,0
8841729,418.15,745,780,0
8841739,414.51,745,783,0
8841749,410.07,745,780,0
8841759,405.59,745,782,0
8841769,400.74,745,781,0
8841779,396.36,745,783,0
8841789,392.05,745,780,0
8841799,388.65,745,782,0
8841809,385.63,745,781,0
8841819,383.68,745,782,0
8841829,382.36,745,780,0
8841839,382.38,745,782,0
8841849,383.25,745,781,0
8841859,385.41,745,783,0
8841869,388.33,745,780,0
8841879,392.47,745,782,0
8841889,397.26,745,781,0
8841900,403.01,745,783,0
8841910,408.96,745,781,0
8841920,415.36,745,782,0
8841930,422.07,745,781,0
8841940,429.80,745,782,0
8841950,438.82,745,781,0
8841960,450.45,745,782,0
8841970,465.31,745,781,0
8841980,485.15,745,782,0
8841990,510.00,745,781,0
8842009,540.43,683,780,0
8842012,573.77,683,783,0
8842021,608.08,683,782,0
8842031,641.19,683,781,0
8842041,671.56,683,782,0
8842051,697.32,683,781,0
8842061,717.88,683,782,0
8842071,732.32,683,781,0
8842081,742.42,683,782,0
8842091,749.50,683,782,0
8842101,754.45,683,782,0
8842112,757.91,683,782,0
8842121,759.61,683,782,0
8842131,757.67,683,782,0
8842141,750.95,683,782,0
8842151,738.37,683,781,0
8842161,719.70,683,782,0
8842171,694.59,683,781,0
8842181,663.47,683,782,0
8842191,627.37,683,782,0
8842201,589.20,683,782,0
8842211,550.87,683,782,0
8842221,514.35,683,782,0
8842231,480.56,683,782,0
8842241,450.82,683,782,0
8842251,425.42,683,781,0
8842261,404.85,683,782,0
8842271,388.91,683,783,0
8842281,377.71,683,781,0
8842291,370.98,683,781,0
8842301,368.50,683,781,0
8842311,369.64,683,781,0
8842321,373.86,683,781,0
8842331,380.33,683,781,0
8842341,388.55,683,782,0
8842351,397.60,683,782,0
8842361,406.89,683,781,0
8842371,415.67,683,781,0
8842381,423.52,683,781,0
8842391,429.88,683,782,0
8842401,434.50,683,781,0
8842412,437.09,683,781,0
8842422,437.58,683,781,0
8842432,435.99,683,783,0
8842442,432.52,683,781,0
8842452,427.31,683,783,0
8842462,420.79,683,782,0
8842472,413.44,683,783,0
8842482,405.63,683,779,0
8842492,397.99,683,783,0
8842502,390.71,683,781,0
8842512,384.28,683,783,0
8842522,378.71,683,780,0
8842532,374.43,683,783,0
8842542,371.08,683,782,0
8842552,368.92,683,783,0
8842562,367.66,683,780,0
8842572,367.33,683,782,0
8842583,367.57,683,780,0
8842593,368.52,683,783,0
8842603,369.52,683,780,0
8842613,370.95,683,783,0
8842624,372.46,683,779,0
8842633,374.72,683,784,0
8842643,378.36,683,780,0
8842653,384.73,683,782,0
8842663,395.01,683,780,0
8842673,410.56,683,782,0
8842683,432.42,683,780,0
8842693,461.52,683,783,0
8842703,497.41,683,780,0
8842713,537.27,683,783,0
8842723,578.16,683,779,0
8842733,617.59,683,784,0
8842753,653.58,743,782,0
8842756,684.39,743,784,0
8842765,708.66,743,779,0
8842775,725.91,743,784,0
8842785,737.51,743,779,0
8842796,743.48,743,783,0
8842806,743.08,743,779,0
8842816,736.24,743,782,0
8842826,722.71,743,779,0
8842836,702.66,743,783,0
8842846,676.32,743,780,0
8842856,644.68,743,782,0
8842866,609.59,743,780,0
8842876,573.76,743,783,0
8842886,538.51,743,780,0
8842896,505.57,743,782,0
8842906,475.53,743,780,0
8842916,449.44,743,783,0
8842926,427.37,743,780,0
8842936,409.94,743,783,0
8842946,396.67,743,780,0
8842956,387.77,743,782,0
8842967,382.44,743,780,0
8842977,381.07,743,782,0
8842987,382.50,743,780,0
8842997,386.72,743,782,0
8843008,392.55,743,780,0
8843017,399.71,743,782,0
8843027,407.13,743,780,0
8843037,414.80,743,782,0
8843047,421.51,743,781,0
8843057,427.18,743,782,0
8843067,430.90,743,780,0
8843077,433.03,743,782,0
8843087,433.02,743,781,0
8843097,431.60,743,782,0
8843107,428.21,743,781,0
8843117,423.73,743,782,0
8843127,418.24,743,781,0
8843137,412.81,743,782,0
8843147,407.34,743,780,0
8843157,402.74,743,782,0
8843167,398.66,743,780,0
8843177,396.06,743,782,0
8843187,394.41,743,780,0
8843197,393.95,743,782,0
8843207,393.79,743,781,0
8843217,393.85,743,782,0
8843227,393.60,743,780,0
8843237,393.16,743,782,0
8843247,391.61,743,781,0
8843257,389.29,743,782,0
8843267,385.69,743,781,0
8843277,381.32,743,783,0
8843287,376.25,743,780,0
8843297,370.69,743,783,0
8843308,364.53,743,780,0
8843318,358.46,743,782,0
8843328,352.45,743,782,0
8843338,347.64,743,782,0
8843348,344.62,743,781,0
8843358,344.82,743,782,0
8843368,349.29,743,781,0
8843378,359.36,743,782,0
8843388,375.71,743,781,0
8843398,398.94,743,782,0
8843408,428.40,743,781,0
8843418,463.17,743,782,0
8843428,500.92,743,781,0
8843447,539.34,695,779,0
8843450,575.37,695,783,0
8843459,606.76,695,782,0
8843469,631.00,695,781,0
8843479,646.82,695,782,0
8843489,653.09,695,781,0
8843499,650.02,695,781,0
8843509,638.18,695,782,0
8843520,619.01,695,781,0
8843529,594.24,695,781,0
8843539,565.75,695,781,0
8843549,535.14,695,782,0
8843559,504.11,695,781,0
8843569,473.99,695,781,0
8843579,446.05,695,781,0
8843589,420.84,695,781,0
8843599,398.47,695,781,0
8843609,379.52,695,782,0
8843619,363.46,695,782,0
8843629,350.55,695,782,0
8843639,340.66,695,780,0
8843649,333.65,695,781,0
8843659,329.34,695,781,0
8843669,327.52,695,782,0
8843679,327.75,695,780,0
8843689,330.23,695,782,0
8843699,334.19,695,781,0
8843709,339.44,695,783,0
8843719,345.61,695,781,0
8843729,352.76,695,783,0
8843739,360.42,695,781,0
8843749,368.18,695,782,0
8843759,375.58,695,782,0
8843769,382.61,695,782,0
8843779,388.85,695,781,0
8843789,393.83,695,781,0
8843799,397.14,695,781,0
8843809,398.68,695,782,0
8843820,398.56,695,781,0
8843830,397.02,695,782,0
8843840,394.06,695,781,0
8843850,389.97,695,782,0
8843860,385.05,695,781,0
8843870,379.76,695,782,0
8843880,374.31,695,781,0
8843890,368.94,695,782,0
8843900,363.69,695,781,0
8843910,358.90,695,782,0
8843920,354.47,695,781,0
8843930,350.69,695,782,0
8843940,347.35,695,781,0
8843950,344.50,695,782,0
8843960,342.00,695,780,0
8843970,339.81,695,782,0
8843980,337.72,695,780,0
8843991,335.84,695,782,0
8844001,334.04,695,780,0
8844011,332.70,695,782,0
8844021,332.06,695,780,0
8844032,332.77,695,783,0
8844041,335.84,695,780,0
8844051,342.75,695,783,0
8844061,354.31,695,780,0
8844071,371.70,695,782,0
8844081,394.68,695,780,0
8844091,423.66,695,783,0
8844101,457.45,695,779,0
8844111,494.64,695,783,0
8844121,532.29,695,780,0
8844140,568.38,693,779,0
8844143,599.68,693,781,0
8844152,625.32,693,783,0
8844162,642.96,693,780,0
8844172,652.23,693,783,0
8844182,652.42,693,780,0
8844192,644.32,693,783,0
8844203,628.54,693,780,0
8844212,607.46,693,783,0
8844222,582.00,693,778,0
8844232,554.18,693,782,0
8844242,525.20,693,780,0
8844252,496.81,693,783,0
8844262,469.87,693,780,0
8844272,445.52,693,783,0
8844282,423.38,693,780,0
8844292,403.94,693,783,0
8844302,386.94,693,780,0
8844312,372.77,693,783,0
8844322,360.97,693,778,0
8844332,351.98,693,783,0
8844342,345.30,693,779,0
8844352,341.31,693,783,0
8844362,339.59,693,780,0
8844372,340.48,693,783,0
8844382,343.17,693,778,0
8844392,347.79,693,782,0
8844402,353.51,693,780,0
8844412,360.26,693,783,0
8844422,367.25,693,779,0
8844432,374.29,693,783,0
8844442,380.42,693,779,0
8844452,385.73,693,783,0
8844462,389.67,693,779,0
8844472,392.30,693,783,0
8844482,393.11,693,779,0
8844492,392.60,693,783,0
8844503,390.45,693,779,0
8844513,387.32,693,783,0
8844523,382.98,693,780,0
8844533,378.10,693,782,0
8844544,372.58,693,780,0
8844553,367.27,693,782,0
8844563,361.83,693,780,0
8844573,356.99,693,783,0
8844583,352.15,693,780,0
8844593,348.08,693,782,0
8844603,344.33,693,780,0
8844613,341.49,693,783,0
8844623,339.03,693,780,0
8844633,337.39,693,782,0
8844643,336.03,693,780,0
8844653,335.59,693,782,0
8844663,335.37,693,780,0
8844673,335.86,693,782,0
8844683,336.76,693,780,0
8844693,339.06,693,782,0
8844703,342.98,693,780,0
8844713,350.10,693,782,0
8844723,360.62,693,780,0
8844733,376.07,693,782,0
8844743,396.54,693,780,0
8844753,422.65,693,782,0
8844763,452.97,693,780,0
8844773,486.75,693,782,0
8844792,521.32,652,781,0
8844795,554.87,652,782,0
8844804,585.04,652,780,0
8844814,610.10,652,782,0
8844824,627.81,652,781,0
8844834,637.77,652,782,0
8844844,639.21,652,780,0
8844854,632.80,652,782,0
8844864,619.36,652,780,0
8844874,599.97,652,782,0
8844884,575.98,652,780,0
8844894,549.41,652,782,0
8844904,521.30,652,780,0
8844914,493.36,652,782,0
8844924,466.25,652,780,0
8844934,441.32,652,782,0
8844944,418.59,652,780,0
8844954,398.66,652,782,0
8844964,381.15,652,781,0
8844974,366.66,652,782,0
8844984,354.59,652,781,0
8844994,345.50,652,782,0
8845004,338.71,652,781,0
8845015,334.64,652,782,0
8845025,332.69,652,781,0
8845035,333.17,652,782,0
8845045,335.43,652,781,0
8845056,339.59,652,781,0
8845065,344.81,652,781,0
8845075,351.04,652,782,0
8845085,357.50,652,781,0
8845095,364.08,652,781,0
8845105,370.10,652,781,0
8845115,375.51,652,782,0
8845125,379.64,652,781,0
8845135,382.71,652,781,0
8845145,384.34,652,782,0
8845155,384.75,652,782,0
8845165,383.80,652,782,0
8845175,381.80,652,782,0
8845185,378.73,652,781,0
8845195,375.13,652,781,0
8845205,370.85,652,781,0
8845215,366.48,652,781,0
8845225,362.09,652,781,0
8845235,358.12,652,782,0
8845245,354.40,652,781,0
8845255,351.15,652,781,0
8845265,348.19,652,781,0
8845275,345.82,652,781,0
8845285,343.82,652,781,0
8845295,342.33,652,781,0
8845305,341.20,652,781,0
8845315,340.93,652,782,0
8845325,341.51,652,781,0
8845335,343.80,652,781,0
8845345,348.23,652,781,0
8845356,355.87,652,781,0
8845366,367.44,652,781,0
8845376,383.72,652,781,0
8845386,404.81,652,782,0
8845396,430.88,652,781,0
8845406,460.79,652,782,0
8845425,493.38,633,780,0
8845428,526.27,633,783,0
8845437,557.69,633,780,0
8845447,585.42,633,782,0
8845457,607.84,633,781,0
8845467,623.44,633,782,0
8845477,631.54,633,781,0
8845487,632.02,633,782,0
8845497,625.37,633,781,0
8845507,612.19,633,782,0
8845517,593.57,633,780,0
8845527,571.12,633,782,0
8845537,545.97,633,781,0
8845547,519.58,633,782,0
8845557,492.79,633,781,0
8845568,466.75,633,782,0
8845577,442.14,633,781,0
8845587,419.68,633,781,0
8845597,399.59,633,780,0
8845607,382.32,633,782,0
8845617,367.95,633,781,0
8845627,356.78,633,782,0
8845637,348.79,633,780,0
8845647,343.97,633,782,0
8845657,342.13,633,781,0
8845667,342.86,633,782,0
8845677,345.73,633,781,0
8845687,350.57,633,782,0
8845697,356.74,633,781,0
8845707,363.89,633,782,0
8845717,371.25,633,781,0
8845727,378.63,633,782,0
8845737,385.47,633,780,0
8845747,391.67,633,782,0
8845757,396.61,633,781,0
8845767,400.29,633,782,0
8845777,402.39,633,780,0
8845787,403.21,633,782,0
8845797,402.46,633,781,0
8845807,400.44,633,782,0
8845817,397.09,633,780,0
8845827,392.91,633,782,0
8845837,388.01,633,781,0
8845847,382.82,633,782,0
8845857,377.43,633,780,0
8845868,372.20,633,782,0
8845878,367.21,633,780,0
8845888,362.91,633,782,0
8845898,359.03,633,780,0
8845908,355.94,633,782,0
8845918,353.34,633,780,0
8845928,351.61,633,782,0
8845938,350.74,633,780,0
8845948,351.59,633,782,0
8845958,354.24,633,780,0
8845968,360.00,633,782,0
8845978,369.30,633,780,0
8845988,383.27,633,782,0
8845998,401.79,633,780,0
8846008,425.04,633,782,0
8846018,451.85,633,780,0
8846028,481.51,633,782,0
8846039,511.79,633,780,0
8846058,540.99,633,779,0
8846061,566.58,633,781,0
8846070,587.75,633,783,0
8846081,602.52,633,780,0
8846091,610.51,633,782,0
8846101,610.91,633,780,0
8846111,604.64,633,782,0
8846121,592.02,633,781,0
8846131,574.91,633,782,0
8846141,553.73,633,780,0
8846151,530.45,633,782,0
8846161,505.80,633,780,0
8846171,481.52,633,782,0
8846181,457.83,633,780,0
8846191,435.90,633,782,0
8846201,415.57,633,781,0
8846211,397.70,633,782,0
8846221,381.93,633,780,0
8846231,368.71,633,782,0
8846241,357.57,633,780,0
8846252,349.26,633,782,0
8846262,343.22,633,780,0
8846272,339.81,633,782,0
8846282,338.24,633,781,0
8846292,339.03,633,782,0
8846302,341.46,633,781,0
8846312,345.61,633,782,0
8846322,350.31,633,780,0
8846332,355.62,633,782,0
8846342,360.75,633,781,0
8846352,365.79,633,782,0
8846362,369.80,633,781,0
8846372,372.99,633,782,0
8846382,374.71,633,780,0
8846392,375.61,633,782,0
8846402,375.25,633,780,0
8846412,374.06,633,782,0
8846423,371.82,633,781,0
8846433,369.00,633,782,0
8846443,365.53,633,781,0
8846453,362.03,633,781,0
8846464,358.16,633,781,0
8846473,354.43,633,782,0
8846483,350.70,633,781,0
8846493,347.40,633,781,0
8846503,344.33,633,781,0
8846513,341.87,633,781,0
8846523,339.64,633,781,0
8846533,337.90,633,781,0
8846543,336.69,633,781,0
8846553,336.40,633,781,0
8846563,337.14,633,781,0
8846573,339.79,633,781,0
8846583,344.83,633,781,0
8846593,353.28,633,782,0
8846603,365.50,633,781,0
8846613,382.06,633,782,0
8846623,402.96,633,781,0
8846633,427.91,633,781,0
8846643,455.75,633,781,0
8846662,485.36,604,780,0
8846665,514.86,604,782,0
8846674,542.89,604,781,0
8846684,567.57,604,782,0
8846694,587.20,604,781,0
8846704,600.89,604,783,0
8846714,608.34,604,781,0
8846724,609.40,604,781,0
8846734,604.69,604,781,0
8846744,594.63,604,782,0
8846754,580.30,604,781,0
8846764,563.06,604,781,0
8846774,544.02,604,780,0
8846784,524.04,604,784,0
8846794,503.71,604,781,0
8846804,483.96,604,784,0
8846814,465.33,604,780,0
8846824,448.34,604,783,0
8846834,432.90,604,779,0
8846844,419.30,604,783,0
8846854,407.42,604,780,0
8846864,397.61,604,782,0
8846874,389.41,604,781,0
8846884,383.16,604,783,0
8846894,378.36,604,781,0
8846904,375.33,604,783,0
8846914,373.39,604,781,0
8846924,372.76,604,783,0
8846935,372.62,604,782,0
8846945,373.03,604,783,0
8846955,373.32,604,779,0
8846965,373.44,604,782,0
8846976,372.79,604,780,0
8846985,371.48,604,782,0
8846995,369.07,604,778,0
8847005,366.00,604,783,0
8847015,361.63,604,780,0
8847025,356.56,604,784,0
8847035,350.65,604,778,0
8847045,344.58,604,783,0
8847055,338.15,604,779,0
8847065,332.02,604,783,0
8847075,326.06,604,779,0
8847085,321.28,604,783,0
8847095,317.25,604,779,0
8847105,314.65,604,783,0
8847115,313.04,604,778,0
8847125,312.99,604,782,0
8847135,313.76,604,780,0
8847145,315.59,604,783,0
8847155,318.16,604,779,0
8847165,321.88,604,782,0
8847175,326.67,604,777,0
8847185,333.16,604,783,0
8847195,341.12,604,779,0
8847205,351.67,604,782,0
8847215,364.84,604,780,0
8847225,380.96,604,782,0
8847235,399.36,604,780,0
8847245,419.78,604,782,0
8847255,441.02,604,780,0
8847265,462.40,604,783,0
8847276,481.95,604,779,0
8847286,499.02,604,784,0
8847296,511.92,604,779,0
8847306,520.51,604,783,0
8847316,523.74,604,778,0
8847326,522.15,604,784,0
8847336,515.68,604,780,0
8847346,505.53,604,782,0
8847366,492.04,703,780,0
